siren,siret_siege,nom,enseigne,adresse,code_postal,ville,date_creation,gerants,source,date_collecte
490072337,49007233700929,C & M GESTION (CIMM GESTION - GEST'IN),CIMM GESTION - GEST'IN,55 AVENUE JEAN KUNTZMANN 38330 MONTBONNOT-SAINT-MARTIN,38330,MONTBONNOT-SAINT-MARTIN,2006-04-26,Aurelie Miribel (Président de SAS),https://annuaire-entreprises.data.gouv.fr/entreprise/490072337,2026-10-01
920410784,92041078400010,FRANCHE-COMTE CREDIT AGRICOLE IMMOBILIER (FCCAI),,26 RUE DE LA REPUBLIQUE 25000 BESANCON,25000,BESANCON,2022-10-07,Philippe Bouquet (Administrateur) | Raphaël Luc Robert Doyon (Directeur Général) | Frédéric Nicolas Eric Lallemand (Administrateur) | Magaly Lombard (Administrateur) | Sylvain Marmier (Administrateur) | Eric Martin (Président de SAS) | Jean-Luc Paulin (Administrateur) | Claude Henri Léon Pecclet (Administrateur) | Christine Grillet (Tisserand) (Administrateur) | CBA (Commissaire aux comptes suppléant) | MAZARS BOURGOGNE FRANCHE-COMTE (Commissaire aux comptes titulaire),https://annuaire-entreprises.data.gouv.fr/entreprise/920410784,2026-10-01
408344752,40834475202127,JCM (CIMM IMMOBILIER - IMMOLIAISON),CIMM IMMOBILIER - IMMOLIAISON,55 AVENUE JEAN KUNTZMANN 38330 MONTBONNOT-SAINT-MARTIN,38330,MONTBONNOT-SAINT-MARTIN,1996-11-07,Aurelie Miribel (Directeur Général) | Jean-Claude Daniel Miribel (Président de SAS) | FORVIS MAZARS (Commissaire aux comptes titulaire),https://annuaire-entreprises.data.gouv.fr/entreprise/408344752,2026-10-01
439583220,43958322000173,CLEOR IMMOBILIER,CLEOR IMMOBILIER AXESS CONSULTING,13 RUE DE LA GARE 39190 BEAUFORT-ORBAGNA,39190,BEAUFORT-ORBAGNA,2001-10-16,,https://annuaire-entreprises.data.gouv.fr/entreprise/439583220,2026-10-01
337853386,33785338600122,BERSOT TRANSACTION,,9 RUE PROUDHON 25000 BESANCON,25000,BESANCON,1986-05-29,Francois Gullaud (Gérant),https://annuaire-entreprises.data.gouv.fr/entreprise/337853386,2026-10-01
841160179,84116017900088,IMMO FRANCE (IDEM K BIS),,9 RUE ARTHUR BOURDIN 25300 PONTARLIER,25300,PONTARLIER,2018-07-10,Yvan Michel Bourdin (Gérant),https://annuaire-entreprises.data.gouv.fr/entreprise/841160179,2026-10-01
485290795,48529079500031,BERSOT GESTION LOCATION (BGL),,9 RUE PROUDHON 25000 BESANCON,25000,BESANCON,2005-12-15,Francois Gullaud (Gérant),https://annuaire-entreprises.data.gouv.fr/entreprise/485290795,2026-10-01
434440343,43444034300029,FIONA,FIONA ELITIMMO,37 PLACE DE LA LIBERTE 39600 ARBOIS,39600,ARBOIS,2001-01-15,Elvira Mourey (Président de SAS),https://annuaire-entreprises.data.gouv.fr/entreprise/434440343,2026-10-01
537570764,53757076400028,JEREMY PHILIPPON,,75 AVENUE DE LATTRE DE TASSIGNY 39100 DOLE,39100,DOLE,2011-10-05,Jeremy Francois Philippon,https://annuaire-entreprises.data.gouv.fr/entreprise/537570764,2026-10-01
833523301,83352330100046,POLAIRE (POLAIRE),,2 CHEMIN DU CLOS PAILLARD 25000 BESANCON,25000,BESANCON,2017-10-18,Pierre Saintain (Gérant),https://annuaire-entreprises.data.gouv.fr/entreprise/833523301,2026-10-01
384370904,38437090400110,AVENIR IMMOBILIER,,LES EPINETTES 11 RUE ARTHUR BOURDIN 25300 PONTARLIER,25300,PONTARLIER,1992-01-07,PERSPECTIVES HABITAT (Président de SAS) | CABINET GRANT THORNTON SA (Commissaire aux comptes titulaire),https://annuaire-entreprises.data.gouv.fr/entreprise/384370904,2026-10-01
830490330,83049033000016,GRANIT I.C.E.,,64 GRANDE RUE 71500 LOUHANS,71500,LOUHANS,2017-06-21,Celine Gauthier (Badin) (Président de SAS),https://annuaire-entreprises.data.gouv.fr/entreprise/830490330,2026-10-01
431780956,43178095600030,MGI,LAFORET IMMOBILIER,2 PLACE PIERRE GOUJON 01000 BOURG-EN-BRESSE,01000,BOURG-EN-BRESSE,2000-05-19,Fabien Marechal (Gérant),https://annuaire-entreprises.data.gouv.fr/entreprise/431780956,2026-10-01
399864651,39986465100019,RESEAU SWIXIM,,6 AVENUE DE LA REPUBLIQUE 39300 CHAMPAGNOLE,39300,CHAMPAGNOLE,1995-02-01,CONVERGENCE AUDIT CONSEILS (Commissaire aux comptes titulaire) | GROUPE FINACTYS (Président de SAS),https://annuaire-entreprises.data.gouv.fr/entreprise/399864651,2026-10-01
539784876,53978487600044,GOURSOLLE IMMOBILIER (STEPHANE PLAZA IMMOBILIER),STEPHANE PLAZA IMMOBILIER,4 A RUE DE BESANCON 25300 DOUBS,25300,DOUBS,2012-02-15,Patrick Yves Bernard Goursolle (Gérant),https://annuaire-entreprises.data.gouv.fr/entreprise/539784876,2026-10-01
981985427,98198542700013,VESTA MB,,84 RUE DU FAUBOURG SAINT MARTIN 21121 FONTAINE-LES-DIJON,21121,FONTAINE-LES-DIJON,2023-11-23,MORGAN.B HOLDING (Président de SAS),https://annuaire-entreprises.data.gouv.fr/entreprise/981985427,2026-10-01
421228206,42122820600189,AGENCE PIERRE IMMOBILIER SARL (PIERRE IMMO) (API),,12 RUE DES ROSIERS 39240 CERNON,39240,CERNON,1999-01-05,Laurent Frarin (Gérant),https://annuaire-entreprises.data.gouv.fr/entreprise/421228206,2026-10-01
411044365,41104436500061,STRATEGIES IMMOBILIER,,37 GRANDE RUE 71390 BUXY,71390,BUXY,1997-01-01,Olivier Duby (Gérant),https://annuaire-entreprises.data.gouv.fr/entreprise/411044365,2026-10-01
482979572,48297957200021,AVENIR BOURGOGNE SERVICES IMMOBILIER (ABS IMMOBILIER) (ABS IMMOBILIER),LAFORET,11 GRANDE RUE 71500 LOUHANS,71500,LOUHANS,2005-07-21,David Daniel Bresson (Président de SAS),https://annuaire-entreprises.data.gouv.fr/entreprise/482979572,2026-10-01
525113692,52511369200012,ATHEZA (LAFORET IMMOBILIER),LAFORET IMMOBILIER,9 RTE DE BESANCON 25410 SAINT-VIT,25410,SAINT-VIT,2010-09-03,Robert Huet (Directeur Général) | Adeline Sergent (Président de SAS),https://annuaire-entreprises.data.gouv.fr/entreprise/525113692,2026-10-01
812591469,81259146900083,CABINET IMMOBILIER RIFFIOD,VINCENT RIFFIOD IMMOBILIER,12 RUE SAINT DESIRE 39000 LONS-LE-SAUNIER,39000,LONS-LE-SAUNIER,2015-06-19,Vincent Jacques Alain Riffiod (Gérant),https://annuaire-entreprises.data.gouv.fr/entreprise/812591469,2026-10-01
322912916,32291291600051,YVES JAILLANT,,15 RUE DU DOCTEUR DURET 58110 CHATILLON-EN-BAZOIS,58110,CHATILLON-EN-BAZOIS,2003-12-31,Yves Guy Raymond Jaillant,https://annuaire-entreprises.data.gouv.fr/entreprise/322912916,2026-10-01
315825158,31582515800050,JEAN FUTIN,,17 RUE DES BODINES 39600 ARBOIS,39600,ARBOIS,1979-01-01,Jean Pierre Lucien Futin,https://annuaire-entreprises.data.gouv.fr/entreprise/315825158,2026-10-01
101875748,10187574800010,OLIVIER BLONDEAU,,61 IMPASSE DE LA MAIRIE 39130 DOUCIER,39130,DOUCIER,2024-01-01,Olivier Blondeau,https://annuaire-entreprises.data.gouv.fr/entreprise/101875748,2026-10-01
503067555,50306755500048,SANDRA FAIVRE,,1 GRANDE RUE 39300 LE PASQUIER,39300,LE PASQUIER,2008-03-13,Sandra Faivre,https://annuaire-entreprises.data.gouv.fr/entreprise/503067555,2026-10-01
515176923,51517692300024,JOACHIM EVEN (LA CONCIERGERIE DE LA DOUCE HEURE),,18 RUE PERRIN 39000 LONS-LE-SAUNIER,39000,LONS-LE-SAUNIER,2009-09-24,Joachim Georges Andre Even,https://annuaire-entreprises.data.gouv.fr/entreprise/515176923,2026-10-01
442784674,44278467400057,AGENCE BENOIT BON (TERACYTE),TERACYTE,165 RUE DU COMMERCE 01330 VILLARS-LES-DOMBES,01330,VILLARS-LES-DOMBES,2002-07-01,IMMOBILIERE DE LA DOMBES (Président de SAS),https://annuaire-entreprises.data.gouv.fr/entreprise/442784674,2026-10-01
443610969,44361096900091,STEPHANE BRAS,,7 T RUE DES MOULINS 39270 ORGELET,39270,ORGELET,2002-10-02,Stephane Claude Bras,https://annuaire-entreprises.data.gouv.fr/entreprise/443610969,2026-10-01
403412331,40341233100171,PHIMA CONSEIL IMMOBILIER (CI IMMOBILIER),,23 RUE JEANNOT LAMBOLEY 70310 FAUCOGNEY-ET-LA-MER,70310,FAUCOGNEY-ET-LA-MER,1995-12-15,Philippe Boux (Gérant),https://annuaire-entreprises.data.gouv.fr/entreprise/403412331,2026-10-01
418870358,41887035800029,CABINET JACKIE DAVID SARL,,6 AVENUE DE LA REPUBLIQUE 39300 CHAMPAGNOLE,39300,CHAMPAGNOLE,1998-04-24,GROUPE FINACTYS (Président de SAS),https://annuaire-entreprises.data.gouv.fr/entreprise/418870358,2026-10-01
391032257,39103225700027,PASTEUR IMMOBILIER SARL,,143 RUE LEON GUIGNARD 39100 DOLE,39100,DOLE,1993-01-02,,https://annuaire-entreprises.data.gouv.fr/entreprise/391032257,2026-10-01
342986544,34298654400126,ARMAND GROZ,,11 RUE DE FRETILLE 21420 PERNAND-VERGELESSES,21420,PERNAND-VERGELESSES,1987-10-01,Armand Bernard Marie Bernard-Marie Groz,https://annuaire-entreprises.data.gouv.fr/entreprise/342986544,2026-10-01
788601730,78860173000013,ESSALLA,,8 PLACE DU 8 MAI 1945 39130 CLAIRVAUX-LES-LACS,39130,CLAIRVAUX-LES-LACS,2012-10-08,,https://annuaire-entreprises.data.gouv.fr/entreprise/788601730,2026-10-01
808065015,80806501500048,GENLIS IMMO,,1 AVENUE DE LA GARE 21110 GENLIS,21110,GENLIS,2014-11-20,Christophe Michel (Président de SAS) | Frederic Christian Robert Vaussard (Directeur Général),https://annuaire-entreprises.data.gouv.fr/entreprise/808065015,2026-10-01
800806473,80080647300024,L'IMMOBILIERE FRANCO-SUISSE (L'IMMOBILIERE DES ROUSSES),L'IMMOBILIERE DES ROUSSES,63 RUE PASTEUR 39220 LES ROUSSES,39220,LES ROUSSES,2014-03-03,Jean Voinier (Commissaire aux comptes suppléant) | ALLIANCE AUDIT (Commissaire aux comptes titulaire) | RJLA (Président de SAS),https://annuaire-entreprises.data.gouv.fr/entreprise/800806473,2026-10-01
830269841,83026984100011,VANESSA TABELDITE,,294 RUE DEVANT 39140 FONTAINEBRUX,39140,FONTAINEBRUX,2017-06-01,Vanessa Nathalie Tabeldite,https://annuaire-entreprises.data.gouv.fr/entreprise/830269841,2026-10-01
794926113,79492611300026,CABINET JACQUOT IMMOBILIER SAS,,3 PLACE PERRAUD 39000 LONS-LE-SAUNIER,39000,LONS-LE-SAUNIER,2013-07-01,Marie-Jacqueline Madeleine Jeanne Jacquot (Président de SAS),https://annuaire-entreprises.data.gouv.fr/entreprise/794926113,2026-10-01
850537416,85053741600016,ADELINE GLOMON,,17 RUE DU PASQUIER 39410 SAINT-AUBIN,39410,SAINT-AUBIN,2019-05-01,Adeline Genevieve Fredie Glomon,https://annuaire-entreprises.data.gouv.fr/entreprise/850537416,2026-10-01
911125631,91112563100026,VALENTIN ENARD,,126 RUE DES ABATTOIRS 25300 PONTARLIER,25300,PONTARLIER,2021-08-09,Valentin Paul Enard,https://annuaire-entreprises.data.gouv.fr/entreprise/911125631,2026-10-01
788748374,78874837400022,VICTORIA BAUGIER,,180 RUE CHAMBERLAND 39570 CHILLY-LE-VIGNOBLE,39570,CHILLY-LE-VIGNOBLE,2012-10-15,Victoria Baugier,https://annuaire-entreprises.data.gouv.fr/entreprise/788748374,2026-10-01
531317352,53131735200015,COLOBANE (INTERCESSION ET IMMO-TRANSACTIONS),INTERCESSION ET IMMO-TRANSACTIONS,3 AVENUE JEAN MOULIN 39000 LONS-LE-SAUNIER,39000,LONS-LE-SAUNIER,2011-04-01,Denis Christian Adrien Breniaux (Gérant),https://annuaire-entreprises.data.gouv.fr/entreprise/531317352,2026-10-01
407558071,40755807100046,PRESTIGE IMMOBILIER SARL,,MARINA DES GOELANDS 49 RUE AMPHITRITE 30240 LE GRAU-DU-ROI,30240,LE GRAU-DU-ROI,1996-05-04,Muriel Lazzarotto (Gérant),https://annuaire-entreprises.data.gouv.fr/entreprise/407558071,2026-10-01
479673261,47967326100042,FRANCOIS PONCET,[NON-DIFFUSIBLE] | [NON-DIFFUSIBLE] | [NON-DIFFUSIBLE],[NON-DIFFUSIBLE],[NON-DIFFUSIBLE],SAINT-LOTHAIN,2004-06-01,Francois Jérome Poncet,https://annuaire-entreprises.data.gouv.fr/entreprise/479673261,2026-10-01
478060643,47806064300044,LINDA GASSER,,5 RUE ARISTIDE BRIAND 39150 SAINT-LAURENT-EN-GRANDVAUX,39150,SAINT-LAURENT-EN-GRANDVAUX,2003-11-14,Linda Christiane Gasser,https://annuaire-entreprises.data.gouv.fr/entreprise/478060643,2026-10-01
509913273,50991327300033,MAISONS CREATION.,,LIEUDIT LES GRAVIERS 2 CHEMIN DE LA PLAINE 39110 SALINS-LES-BAINS,39110,SALINS-LES-BAINS,2009-01-01,Karim Houmani (Houmani) (Gérant),https://annuaire-entreprises.data.gouv.fr/entreprise/509913273,2026-10-01
512576828,51257682800051,ANNICK AUGIER,,13 RUE DU FOUR A PAIN 39700 OUR,39700,OUR,2008-07-15,Annick Augier,https://annuaire-entreprises.data.gouv.fr/entreprise/512576828,2026-10-01
529074783,52907478300018,3D IMMOBILIER,,130 CHEMIN DES ANES 74120 MEGEVE,74120,MEGEVE,2011-01-03,Didier Jacques Jean-Louis Nourrigat (Président de SAS),https://annuaire-entreprises.data.gouv.fr/entreprise/529074783,2026-10-01
952192680,95219268000017,LUCAS GRANDJEAN,,LA PERRENA 999 RUE DE NOZEROY 39150 LES PLANCHES-EN-MONTAGNE,39150,LES PLANCHES-EN-MONTAGNE,2023-05-02,Lucas Fanchon Grandjean,https://annuaire-entreprises.data.gouv.fr/entreprise/952192680,2026-10-01
947507471,94750747100029,FLORIAN FLORIAN (GREGOIRE),[NON-DIFFUSIBLE] | [NON-DIFFUSIBLE] | [NON-DIFFUSIBLE],[NON-DIFFUSIBLE],[NON-DIFFUSIBLE],HAUTS DE BIENNE,2022-11-16,Florian Olivier Pierre Grégoire,https://annuaire-entreprises.data.gouv.fr/entreprise/947507471,2026-10-01
888958618,88895861800033,JEREMY LAUVERNIER,,158 AVENUE JACQUES DUHAMEL 39100 DOLE,39100,DOLE,2020-02-07,Jeremy Lauvernier,https://annuaire-entreprises.data.gouv.fr/entreprise/888958618,2026-10-01
823953922,82395392200031,ALEXIS BEAUCHAMP,,6 RUE DU CLOS 39600 PORT-LESNEY,39600,PORT-LESNEY,2016-11-22,Alexis Jean Beauchamp,https://annuaire-entreprises.data.gouv.fr/entreprise/823953922,2026-10-01
107753899,10775389900015,S2AD IMMO,,49 RUE DU COLLEGE 39200 SAINT-CLAUDE,39200,SAINT-CLAUDE,2026-07-10,Salomé Phillys Saad (Président de SAS),https://annuaire-entreprises.data.gouv.fr/entreprise/107753899,2026-10-01
323675868,32367586800034,SERGE DEGUY,,8 RUE DE LA MAIRIE 39120 PETIT-NOIR,39120,PETIT-NOIR,1982-01-01,Serge Maurice Deguy,https://annuaire-entreprises.data.gouv.fr/entreprise/323675868,2026-10-01
101848232,10184823200019,VIRGINIE PILLARD (PILLARD),,16 RUE DU CHAMP LA VIGNE 39700 RANCHOT,39700,RANCHOT,2026-02-23,Virginie Pillard (Pillard),https://annuaire-entreprises.data.gouv.fr/entreprise/101848232,2026-10-01
103449203,10344920300019,ARC JURASSIEN IMMOBILIER,,90 AVENUE DE LA MARSEILLAISE 39000 LONS-LE-SAUNIER,39000,LONS-LE-SAUNIER,2026-04-01,Thomas Robert Bernard Ponsot (Gérant),https://annuaire-entreprises.data.gouv.fr/entreprise/103449203,2026-10-01
104666144,10466614400019,JOANNA DATCU (LEGEARD) (DATCU JOANNA EI),,29 RUE BALAFIN 39400 LONGCHAUMOIS,39400,LONGCHAUMOIS,2026-05-11,Joanna Marie Aline Datcu (Legeard),https://annuaire-entreprises.data.gouv.fr/entreprise/104666144,2026-10-01
104994520,10499452000013,ANGELIQUE MENDES NEVES,,291 RUE MONTENOISE 39140 VILLEVIEUX,39140,VILLEVIEUX,2026-05-13,Angélique Mendes Neves,https://annuaire-entreprises.data.gouv.fr/entreprise/104994520,2026-10-01
107131708,10713170800011,MICKAEL BESANCON,,4 ROUTE D'ARBOIS 39380 MONT-SOUS-VAUDREY,39380,MONT-SOUS-VAUDREY,2026-07-27,Mickael Besancon,https://annuaire-entreprises.data.gouv.fr/entreprise/107131708,2026-10-01
107180028,10718002800022,LOIS GIRARD,,12 RUE DES TILLEULS 39190 CUISIA,39190,CUISIA,2026-07-20,Lois Fabien Marie Girard,https://annuaire-entreprises.data.gouv.fr/entreprise/107180028,2026-10-01
107789745,10778974500018,ANTHONY NONNOTTE,,2 RUE PASTEUR 39700 FRAISANS,39700,FRAISANS,2026-07-01,Anthony Michel Jean Nonnotte,https://annuaire-entreprises.data.gouv.fr/entreprise/107789745,2026-10-01
351069703,35106970300012,LA COTE OUEST EURL,,39700 ECLANS-NENON,39700,ECLANS-NENON,1989-04-27,David Lambert (Gérant),https://annuaire-entreprises.data.gouv.fr/entreprise/351069703,2026-10-01
351356654,35135665400027,MAX GENEVOIS,,14 RUE VILLE-BRISE 39120 GATEY,39120,GATEY,1989-05-09,Max Rene Leon Georges Genevois,https://annuaire-entreprises.data.gouv.fr/entreprise/351356654,2026-10-01
378482756,37848275600020,OLIVIER TROSSAT,,ROUTE DES LONGEVERNES 39230 PASSENANS,39230,PASSENANS,1990-07-03,Olivier Remy Christian Trossat,https://annuaire-entreprises.data.gouv.fr/entreprise/378482756,2026-10-01
488201914,48820191400022,LUCYL,,20 ROUTE DE BEAUREGARD 39570 COURBOUZON,39570,COURBOUZON,2006-01-12,Sylvie Michele Gilberte Romand-Secretant (Romand) (Directeur Général) | Jean-Luc Marcel Secretant (Président de SAS),https://annuaire-entreprises.data.gouv.fr/entreprise/488201914,2026-10-01
482927001,48292700100024,ALEXANDRE SAILLARD (AS HABITAT),,1 RUE DU PRE 39200 SAINT-CLAUDE,39200,SAINT-CLAUDE,2005-07-20,Alexandre Jean-Claude Saillard,https://annuaire-entreprises.data.gouv.fr/entreprise/482927001,2026-10-01
492977236,49297723600040,GUILLAUME (VESONTIO AGENCE IMMOBILIERE),VESONTIO AGENCE IMMOBILIERE,8 QUAI HENRI BUGNET 25000 BESANCON,25000,BESANCON,2006-11-23,Julien Guillaume (Président de SAS),https://annuaire-entreprises.data.gouv.fr/entreprise/492977236,2026-10-01
493143838,49314383800024,MARIE PIERRE ESCALET,,16 RUE SEBILE 39000 LONS-LE-SAUNIER,39000,LONS-LE-SAUNIER,2007-01-02,Marie Pierre Escalet,https://annuaire-entreprises.data.gouv.fr/entreprise/493143838,2026-10-01
493896195,49389619500010,JANINE KESER (THUSY),,RUE DES TERRAUX 39320 VAL SURAN,39320,VAL SURAN,2007-01-01,Janine Huguette Marcelle Keser (Thusy),https://annuaire-entreprises.data.gouv.fr/entreprise/493896195,2026-10-01
493910608,49391060800030,STEPHANE VALETTE,,38 RUE GAGARINE 39100 DOLE,39100,DOLE,2007-01-29,Stephane Claude Valette,https://annuaire-entreprises.data.gouv.fr/entreprise/493910608,2026-10-01
484417431,48441743100026,FREDERIQUE GROS (MARAUX),,2 RUE DU GRAND BOIS 39140 RELANS,39140,RELANS,2005-09-12,Frederique Gros (Maraux),https://annuaire-entreprises.data.gouv.fr/entreprise/484417431,2026-10-01
484453048,48445304800015,SYND COPRO IMM PONT CENTRAL,,RUE DU PONT CENTRAL 39200 SAINT-CLAUDE,39200,SAINT-CLAUDE,2005-09-01,,https://annuaire-entreprises.data.gouv.fr/entreprise/484453048,2026-10-01
514254564,51425456400016,VINCENT RIFFIOD,,31 RUE DE L'AGRICULTURE 39000 LONS-LE-SAUNIER,39000,LONS-LE-SAUNIER,2009-09-01,Vincent Jacques Alain Riffiod,https://annuaire-entreprises.data.gouv.fr/entreprise/514254564,2026-10-01
504999368,50499936800021,APS IMMOBILIER,APS IMMOBILIER,64 GRANDE RUE 39600 ARBOIS,39600,ARBOIS,2008-07-01,Rachel Francoise Santi (Gérant),https://annuaire-entreprises.data.gouv.fr/entreprise/504999368,2026-10-01
510835721,51083572100026,OLIVIER VERCELLI,,L'INATTENDUE DES LACS 1 RUE DE LA COMBE AU PRIEUR 39130 CLAIRVAUX-LES-LACS,39130,CLAIRVAUX-LES-LACS,2009-03-03,Olivier Vercelli (Vercelli),https://annuaire-entreprises.data.gouv.fr/entreprise/510835721,2026-10-01
492260203,49226020300038,SOPHIE BERGER,,3 ALLEE CHANCEVEAU 71580 SAILLENARD,71580,SAILLENARD,2006-10-01,Sophie Berger,https://annuaire-entreprises.data.gouv.fr/entreprise/492260203,2026-10-01
499287639,49928763900029,JEAN-CLAUDE BOUVIER,,240 RUE DES ERABLES 39140 COMMENAILLES,39140,COMMENAILLES,2007-07-13,Jean-Claude Bouvier,https://annuaire-entreprises.data.gouv.fr/entreprise/499287639,2026-10-01
520839705,52083970500024,VALERIE DOLE,,8 RUE GEORGES METROD 39300 CHAMPAGNOLE,39300,CHAMPAGNOLE,2010-03-01,Valerie Dole,https://annuaire-entreprises.data.gouv.fr/entreprise/520839705,2026-10-01
521865337,52186533700021,LINE WELFELE (NOLOT),,178 ROUTE DE BRIOLAND 39220 LES ROUSSES,39220,LES ROUSSES,2010-01-18,Line Marie-Louise Jeanne Welfelé (Nolot),https://annuaire-entreprises.data.gouv.fr/entreprise/521865337,2026-10-01
522902220,52290222000048,NAMS (SC GASPARD IMMOBILIER),,28 CHEMIN DES BOURGEOIS 59300 VALENCIENNES,59300,VALENCIENNES,2010-05-19,Christophe Gaspard (Gérant),https://annuaire-entreprises.data.gouv.fr/entreprise/522902220,2026-10-01
519535124,51953512400019,SAVOIE-JURA-IMMOBILIER (SJI SAS),SJI SAS,RESIDENCE LES BALCONS DU PARC 21 AVENUE CAMILLE PROST 39000 LONS-LE-SAUNIER,39000,LONS-LE-SAUNIER,2009-12-21,Clément Michel Léon Thirode (Directeur Général) | Nathalie Bosquet (Vuillemin) (Président de SAS),https://annuaire-entreprises.data.gouv.fr/entreprise/519535124,2026-10-01
348017856,34801785600033,MICHEL SOUFFRAY,,24 RUE DES GRANGES 39140 BLETTERANS,39140,BLETTERANS,1988-08-01,Michel Souffray,https://annuaire-entreprises.data.gouv.fr/entreprise/348017856,2026-10-01
518664354,51866435400025,ERIC VARRIER,,45 B RUE PASTEUR 39100 DOLE,39100,DOLE,2010-01-04,Eric Henri Georges Varrier,https://annuaire-entreprises.data.gouv.fr/entreprise/518664354,2026-10-01
440749729,44074972900016,VALEM,,21 RUE DU VAL D'AMOUR 39380 BELMONT,39380,BELMONT,2001-09-12,Nicolas Virion (Gérant),https://annuaire-entreprises.data.gouv.fr/entreprise/440749729,2026-10-01
442670956,44267095600014,ETOILE TRANSACTION CONSULTING (ETC),,139 RUE BERNARD 39570 L'ETOILE,39570,L'ETOILE,2002-07-04,Jerome Antoine Meunier (Gérant),https://annuaire-entreprises.data.gouv.fr/entreprise/442670956,2026-10-01
441945870,44194587000034,FREDERIQUE BLONDEAU,,4 RUE DES FONTAINES 39300 MONTIGNY-SUR-L'AIN,39300,MONTIGNY-SUR-L'AIN,2002-04-01,Frederique Blondeau,https://annuaire-entreprises.data.gouv.fr/entreprise/441945870,2026-10-01
429926843,42992684300013,MICHEL CREUILLENET,,5 RUE DU MEIX DES GUYONS 39140 RELANS,39140,RELANS,2000-04-01,Michel Jean-Paul Creuillenet,https://annuaire-entreprises.data.gouv.fr/entreprise/429926843,2026-10-01
429936214,42993621400031,ANNE-CECILE MARX-DEGUT (MARX),,110 RUE DU MONTARLIER 39570 COURLANS,39570,COURLANS,2000-04-08,Anne-Cecile Marx-Degut (Marx),https://annuaire-entreprises.data.gouv.fr/entreprise/429936214,2026-10-01
430010017,43001001700027,FRANCOIS CHRISTEN,,LES BRANTUS 39140 CHAPELLE-VOLAND,39140,CHAPELLE-VOLAND,1999-08-02,Francois Xavier Christen,https://annuaire-entreprises.data.gouv.fr/entreprise/430010017,2026-10-01
431446673,43144667300011,LA REMONTEE,,LE VILLAGE 39310 LAJOUX,39310,LAJOUX,2000-05-31,Jean Michel Andre Vilmer (Gérant),https://annuaire-entreprises.data.gouv.fr/entreprise/431446673,2026-10-01
412208092,41220809200046,SEBASTIEN COMMARET (COMMARET SEBASTIEN),,705 AVENUE DE LA CORNICHE 83110 SANARY-SUR-MER,83110,SANARY-SUR-MER,1997-01-10,Sébastien Gaston Commaret,https://annuaire-entreprises.data.gouv.fr/entreprise/412208092,2026-10-01
423087550,42308755000038,THIERRY CHAUVERGNE,,349 ROUTE DE BEAUVOIR 85300 SALLERTAINE,85300,SALLERTAINE,1999-05-25,Thierry Chauvergne,https://annuaire-entreprises.data.gouv.fr/entreprise/423087550,2026-10-01
423544709,42354470900011,MP PARTICIPATION,,JEAN FRANCOIS CREDOZ 146 RUE MARCEL PAUL 39000 LONS-LE-SAUNIER,39000,LONS-LE-SAUNIER,1999-07-09,Jean-Francois Marc Marcel Credoz (Président de SAS) | Jean-Francois Ganne (Commissaire aux comptes suppléant) | PLURIS AUDIT (Commissaire aux comptes titulaire),https://annuaire-entreprises.data.gouv.fr/entreprise/423544709,2026-10-01
479458986,47945898600037,NATHALIE LUKAC,,SIEGES 22 RUE SAINT-MICHEL 39360 VIRY,39360,VIRY,2004-11-15,Nathalie Lukac,https://annuaire-entreprises.data.gouv.fr/entreprise/479458986,2026-10-01
451157424,45115742400016,SANIFLOR,,76 AVENUE DE LA REPUBLIQUE 39300 CHAMPAGNOLE,39300,CHAMPAGNOLE,2003-11-01,Elisabeth Paule Sart (Bouveret) (Gérant),https://annuaire-entreprises.data.gouv.fr/entreprise/451157424,2026-10-01
448919282,44891928200047,CHRISTOPHE VILLANFIN,,15 RUE DE LA FONTAINE 39290 BIARNE,39290,BIARNE,2003-01-02,"Christophe, Francois Villanfin",https://annuaire-entreprises.data.gouv.fr/entreprise/448919282,2026-10-01
490363173,49036317300033,CHARLES MANDRILLON (M X C),,3 B RUE DE VILLENEUVE 39210 BAUME-LES-MESSIEURS,39210,BAUME-LES-MESSIEURS,2006-06-03,Charles Mandrillon (Mandrillon),https://annuaire-entreprises.data.gouv.fr/entreprise/490363173,2026-10-01
384271540,38427154000054,GILLES MARGERIT,,30 RUE DE COUVALOU 39300 SAPOIS,39300,SAPOIS,1992-01-14,Gilles Jean Margerit,https://annuaire-entreprises.data.gouv.fr/entreprise/384271540,2026-10-01
347574659,34757465900129,VINCENT BEVILLARD (VBCONSEIL INFORMATION ET ACCOMPAGNEMENT EN VENTES CLASSIQUE ET VIAGERE),,11 RUE DU BOIS 39600 CRAMANS,39600,CRAMANS,1988-07-06,Vincent Robert Louis Rene Bevillard,https://annuaire-entreprises.data.gouv.fr/entreprise/347574659,2026-10-01
394922322,39492232200034,JOSE PINTOS Y LORENZO,,4 PLACE BICHAT 39000 LONS-LE-SAUNIER,39000,LONS-LE-SAUNIER,1994-04-01,Jose Pintos Y Lorenzo,https://annuaire-entreprises.data.gouv.fr/entreprise/394922322,2026-10-01
400195483,40019548300021,JEAN-LUC MULIN,,77 RUE DES GRANGES 25000 BESANCON,25000,BESANCON,1995-01-06,Jean-Luc Marie Mulin,https://annuaire-entreprises.data.gouv.fr/entreprise/400195483,2026-10-01
438873465,43887346500027,SARL DOLE IMMOBILIER,,25 RUE DES ARENES 39100 DOLE,39100,DOLE,2001-08-01,,https://annuaire-entreprises.data.gouv.fr/entreprise/438873465,2026-10-01
530226257,53022625700083,JEROME FOCK,,1 CLOS SAINT GEORGES 25870 BONNAY,25870,BONNAY,2011-01-03,Jérome Gérard Fock,https://annuaire-entreprises.data.gouv.fr/entreprise/530226257,2026-10-01
530284264,53028426400021,PRESCILLIA SIEWIERSKI (DOS SANTOS) (ARMONIA SERENITY JURA),,3 RUE DE LA VOUIVRE 39300 CROTENAY,39300,CROTENAY,2011-02-02,Prescillia Siewierski (Dos Santos),https://annuaire-entreprises.data.gouv.fr/entreprise/530284264,2026-10-01
530826601,53082660100060,MARIE ROUSSELET (CASANOVA),,5 IMPASSE DES ACACIAS 39160 SAINT-AMOUR,39160,SAINT-AMOUR,2011-03-31,Marie Juilette Suzanne Rousselet (Casanova),https://annuaire-entreprises.data.gouv.fr/entreprise/530826601,2026-10-01
525157558,52515755800012,LA MAISON DE L'IMMOBILIER (LA MAISON DE L'IMMOBILIER),LA MAISON DE L'IMMOBILIER,581 GRANDE RUE 39310 LAMOURA,39310,LAMOURA,2010-09-15,Nathalie Bourgeat (Gérant),https://annuaire-entreprises.data.gouv.fr/entreprise/525157558,2026-10-01
532178548,53217854800030,OLIVIER NANNI,,6 RUE DES CHARDONNERETS 39300 CIZE,39300,CIZE,2011-05-02,Olivier Andre Marcel Nanni,https://annuaire-entreprises.data.gouv.fr/entreprise/532178548,2026-10-01
750162497,75016249700028,ACF TRANSACTIONS,,7 RUE DES BRUYERES 39570 COURLANS,39570,COURLANS,2012-03-01,,https://annuaire-entreprises.data.gouv.fr/entreprise/750162497,2026-10-01
750610487,75061048700035,ANGELIQUE BOUVIER,,34 ROUTE NATIONALE 39380 SOUVANS,39380,SOUVANS,2012-02-15,Angélique Angele Simone Bouvier,https://annuaire-entreprises.data.gouv.fr/entreprise/750610487,2026-10-01
751084963,75108496300022,CINDY HARBONNIER (CINDY HARBONNIER),M'Y CMTJ | M'Y CMTJ L'INSPIRATION,2 RUE DU LOYRIAT 39240 ARINTHOD,39240,ARINTHOD,2012-03-01,Cindy Juliette Germaine Harbonnier (Harbonnier),https://annuaire-entreprises.data.gouv.fr/entreprise/751084963,2026-10-01
530952332,53095233200035,THOMAS GAGLIARDI,,11 RUE DU MOULIN PARNET 25300 PONTARLIER,25300,PONTARLIER,2011-03-14,Thomas Gagliardi,https://annuaire-entreprises.data.gouv.fr/entreprise/530952332,2026-10-01
791646433,79164643300023,GILLES BACHEROT,,7 RUE PASTEUR 38490 SAINT-ANDRE-LE-GAZ,38490,SAINT-ANDRE-LE-GAZ,2013-02-15,Gilles Marcel Bacherot,https://annuaire-entreprises.data.gouv.fr/entreprise/791646433,2026-10-01
797866175,79786617500020,CONCEPT IMMO DOLE,,11 B RUE MARIE ET PIERRE CURIE 39100 DOLE,39100,DOLE,2013-10-04,Erwan Edmond Dubuc (Gérant),https://annuaire-entreprises.data.gouv.fr/entreprise/797866175,2026-10-01
532975877,53297587700020,JACQUES-FRANCK BOULLIER,,72 GRANDE RUE 39150 SAINT-PIERRE,39150,SAINT-PIERRE,2011-06-10,Jacques-Franck Jean Boullier,https://annuaire-entreprises.data.gouv.fr/entreprise/532975877,2026-10-01
533208690,53320869000016,IMMOBILIERE VOLATIER,,185 ROUTE DE BLETTERANS 39570 COURLAOUX,39570,COURLAOUX,2011-07-01,David Daniel Robert Volatier (Président de SAS),https://annuaire-entreprises.data.gouv.fr/entreprise/533208690,2026-10-01
491305165,49130516500012,MYRIAM CESARIO (ROUTHIER),,1 RUE DE LA CLOS 39190 AUGEA,39190,AUGEA,2006-08-01,Myriam Cesario (Routhier),https://annuaire-entreprises.data.gouv.fr/entreprise/491305165,2026-10-01
802321828,80232182800054,DISTRISEILLE,,4 RUE DU CHEVAL ROUGE 54770 BOUXIERES-AUX-CHENES,54770,BOUXIERES-AUX-CHENES,2014-05-15,Pierrick Andre Serge Augiat (Gérant et associé indéfiniment responsable),https://annuaire-entreprises.data.gouv.fr/entreprise/802321828,2026-10-01
812587186,81258718600030,EMILIE SALVI,,3 RUE D'ANDELOT 39110 LEMUY,39110,LEMUY,2015-08-01,Emilie Marie Elisabeth Salvi,https://annuaire-entreprises.data.gouv.fr/entreprise/812587186,2026-10-01
807425582,80742558200028,NAEL DURAQUET,,1 RUE JOSEPH MARTIN 39700 ETREPIGNEY,39700,ETREPIGNEY,2014-10-20,Nael Duraquet,https://annuaire-entreprises.data.gouv.fr/entreprise/807425582,2026-10-01
808069447,80806944700023,IMMOBILIERE DU CRET DE LA NEIGE (ICN),,LES MARS 3 IMPASSE DU COMBET 01410 MIJOUX,01410,MIJOUX,2014-11-28,Patrick Luc Alain Azzola (Président de SAS),https://annuaire-entreprises.data.gouv.fr/entreprise/808069447,2026-10-01
814457818,81445781800015,MATTHIEU DE LANGHE,,CENTURY 21-CABINET FAIVRE 4 AVENUE JACQUES DUHAMEL 39100 DOLE,39100,DOLE,2015-08-24,Matthieu Pierre Jacques De Langhe,https://annuaire-entreprises.data.gouv.fr/entreprise/814457818,2026-10-01
803457225,80345722500016,REGIS DUVAL,,27 B RTE DE FOUCHERANS 39100 CHAMPVANS,39100,CHAMPVANS,2013-04-08,Regis Paul Leon Duval,https://annuaire-entreprises.data.gouv.fr/entreprise/803457225,2026-10-01
828079517,82807951700029,CRGI,,62 GRANDE RUE 71500 LOUHANS,71500,LOUHANS,2017-02-16,Clotilde Marie Genevieve Ansemant (Président de SAS) | Sebastien Christophe Roulet (Directeur Général),https://annuaire-entreprises.data.gouv.fr/entreprise/828079517,2026-10-01
819388208,81938820800020,ISABELLE TARRIET,,34 AVENUE VICTOR HUGO 71100 CHALON-SUR-SAONE,71100,CHALON-SUR-SAONE,2016-05-01,Isabelle Nathalie Tarriet,https://annuaire-entreprises.data.gouv.fr/entreprise/819388208,2026-10-01
828790279,82879027900024,HD (HD),ADEQUATE,16 RUE TISSOT 25300 PONTARLIER,25300,PONTARLIER,2017-04-03,Hugues Delpech (Président de SAS),https://annuaire-entreprises.data.gouv.fr/entreprise/828790279,2026-10-01
823497599,82349759900014,GROUPE I.F.S (GROUPE IMMOBILIER FORMATION SERVICES) (GROUPE I.F.S),"COMAPI, IMMOBILAC FRANCO SUISSE",12 CHEMIN MAURICE FERREOL 69120 VAULX-EN-VELIN,69120,VAULX-EN-VELIN,2016-11-02,Jean-Claude Laibe (Président de SAS),https://annuaire-entreprises.data.gouv.fr/entreprise/823497599,2026-10-01
823988753,82398875300047,JACQUES LAIRD (LAIRD JACQUES EI),,9 RUE DES CHARMOIS 39700 LA BARRE,39700,LA BARRE,2016-11-19,Jacques Laird,https://annuaire-entreprises.data.gouv.fr/entreprise/823988753,2026-10-01
818197535,81819753500029,LAUREEN PARROD (DELGORGUE),,14 RUE DU SOUVENIR FRANCAIS 39600 ARBOIS,39600,ARBOIS,2016-01-25,Laureen Agnes Rolande Parrod (Delgorgue),https://annuaire-entreprises.data.gouv.fr/entreprise/818197535,2026-10-01
818464638,81846463800035,ANNE-LAURE LOISEAU,,LA BROSSE 995 ROUTE DE LA GOUTTE AUX MERLES 71160 GILLY-SUR-LOIRE,71160,GILLY-SUR-LOIRE,2016-01-01,Anne-Laure Loiseau,https://annuaire-entreprises.data.gouv.fr/entreprise/818464638,2026-10-01
820465433,82046543300010,ALINE DORNIER (CAPELLI),,1 RUE DE LA FRESSE 39300 SAINT-GERMAIN-EN-MONTAGNE,39300,SAINT-GERMAIN-EN-MONTAGNE,2016-06-01,Aline Marie Brigitte Dornier (Capelli),https://annuaire-entreprises.data.gouv.fr/entreprise/820465433,2026-10-01
841074784,84107478400015,KARINE MONNIER,,30 B GR GRANGE RUE 39300 LE PASQUIER,39300,LE PASQUIER,2018-08-10,Karine Jeannine Claude Monnier,https://annuaire-entreprises.data.gouv.fr/entreprise/841074784,2026-10-01
841381825,84138182500030,STEPH IMMO,,19 AVENUE JEAN MOULIN 39000 LONS-LE-SAUNIER,39000,LONS-LE-SAUNIER,2018-07-31,Stephanie Colette Germain (Thimel) (Président de SAS),https://annuaire-entreprises.data.gouv.fr/entreprise/841381825,2026-10-01
831135298,83113529800014,N2JV IMMOBILIER,,62 RUE DES ARENES 39100 DOLE,39100,DOLE,2017-07-13,IMMOBILIERE DU BOIS ROND (Président de SAS),https://annuaire-entreprises.data.gouv.fr/entreprise/831135298,2026-10-01
834354755,83435475500011,ROMAIN KORNPROBST,,21 RUE LECOURBE 39000 LONS-LE-SAUNIER,39000,LONS-LE-SAUNIER,2017-12-15,Romain Pierre Henri Kornprobst,https://annuaire-entreprises.data.gouv.fr/entreprise/834354755,2026-10-01
833014657,83301465700021,ANGELIQUE MENETRIER (LAVRY),,1 RUE DE LA BERNARDINE 39700 ORCHAMPS,39700,ORCHAMPS,2017-10-14,Angelique Menetrier (Lavry),https://annuaire-entreprises.data.gouv.fr/entreprise/833014657,2026-10-01
837874775,83787477500013,LAVIGNE IMMOBILIER (ORPI),LAVIGNE IMMOBILIER,73 GRANDE RUE 39600 ARBOIS,39600,ARBOIS,2018-03-01,Arnaud Michel Lavigne (Gérant),https://annuaire-entreprises.data.gouv.fr/entreprise/837874775,2026-10-01
513803114,51380311400026,PATRICK GAVIGNET,,RESIDENCE LE PARC DE MONTJOUX 22 C AVENUE DE MONTJOUX 25000 BESANCON,25000,BESANCON,2009-06-15,Patrick Noel Marie-Louis Gavignet,https://annuaire-entreprises.data.gouv.fr/entreprise/513803114,2026-10-01
498143205,49814320500025,L'IMMOBILIER DU TRIANGLE D'OR,,2 PLACE AUBAREDE 39110 SALINS-LES-BAINS,39110,SALINS-LES-BAINS,2007-04-14,Patrice Debiere (Gérant),https://annuaire-entreprises.data.gouv.fr/entreprise/498143205,2026-10-01
824881296,82488129600019,VANESSA REGAZZONI,,1 RUE SAINTE ANNE 39100 SAMPANS,39100,SAMPANS,2017-01-31,Vanessa Andree Marcelle Regazzoni,https://annuaire-entreprises.data.gouv.fr/entreprise/824881296,2026-10-01
839542487,83954248700013,OLIVIER ANDRE,,TRETU 3 ROUTE DE ROSNAY 39130 SAINT-MAURICE-CRILLAT,39130,SAINT-MAURICE-CRILLAT,2018-05-02,Olivier Marc Andre,https://annuaire-entreprises.data.gouv.fr/entreprise/839542487,2026-10-01
892818311,89281831100011,NADINE HUGONNET,,220 RUE PRINCIPALE 39130 BARESIA-SUR-L'AIN,39130,BARESIA-SUR-L'AIN,2021-01-04,Nadine Michele Hugonnet,https://annuaire-entreprises.data.gouv.fr/entreprise/892818311,2026-10-01
882582711,88258271100017,LAURENCE FLIPPO (PIED) (LPEDL),,195 IMPASSE DU TREMBLOIS 39140 COMMENAILLES,39140,COMMENAILLES,2020-03-01,Laurence Lucienne Suzanne Flippo (Pied),https://annuaire-entreprises.data.gouv.fr/entreprise/882582711,2026-10-01
883405607,88340560700010,VIRGINIE ETESSE (TOUSSAINT),,12 AV CHARLES DE GAULLE 39400 HAUTS DE BIENNE,39400,HAUTS DE BIENNE,2020-05-01,Virginie Marie-Lydia Etesse (Toussaint),https://annuaire-entreprises.data.gouv.fr/entreprise/883405607,2026-10-01
848264834,84826483400039,MARYLINE DUMONT,,11 RUE HAUTEVILLE 35440 MONTREUIL-SUR-ILLE,35440,MONTREUIL-SUR-ILLE,2019-02-01,Maryline Jacqueline Dumont,https://annuaire-entreprises.data.gouv.fr/entreprise/848264834,2026-10-01
848505962,84850596200029,ALL'IMMO S.A.S.U. (L'EQUIPE IMMOBILIERE ET PEAN CONSEILS),L'EQUIPE IMMOBILIERE,6 RUE DU SAUGET 39300 CHAMPAGNOLE,39300,CHAMPAGNOLE,2019-03-01,Valentin Andre Georges Bully (Président de SAS),https://annuaire-entreprises.data.gouv.fr/entreprise/848505962,2026-10-01
848516852,84851685200037,EMYN YOUAZ,,39 RUE NATIONALE 39140 VILLEVIEUX,39140,VILLEVIEUX,2019-02-20,Emyn Youaz,https://annuaire-entreprises.data.gouv.fr/entreprise/848516852,2026-10-01
851124958,85112495800022,AURELIE CHARVIN (JANNET),,415 RUE DES BEULETS 39140 COMMENAILLES,39140,COMMENAILLES,2018-09-01,Aurelie Fanny Charvin (Jannet),https://annuaire-entreprises.data.gouv.fr/entreprise/851124958,2026-10-01
851371864,85137186400014,LOLITA CUYNET (MULLER) (JURA'BREAK IMMOBILIER),,120 RUE DU CHAMP DU PUIT 39300 SAPOIS,39300,SAPOIS,2019-05-20,Lolita Cuynet (Muller),https://annuaire-entreprises.data.gouv.fr/entreprise/851371864,2026-10-01
851823690,85182369000017,K2C IMMOBILIER & EXPERTISES (K2C IMMOBILIER & EXPERTISES),,25 RUE LECOURBE 39000 LONS-LE-SAUNIER,39000,LONS-LE-SAUNIER,2019-07-01,Bruno Andre Da Rocha Vaz (Président de SAS),https://annuaire-entreprises.data.gouv.fr/entreprise/851823690,2026-10-01
903300689,90330068900010,CAROLINE VIENNET (MANNESSIER),,95 CHEMIN DES ALLIES 39220 LES ROUSSES,39220,LES ROUSSES,2021-09-08,Caroline Marie Suzanne Viennet (Mannessier),https://annuaire-entreprises.data.gouv.fr/entreprise/903300689,2026-10-01
893797894,89379789400019,LUCIE NOVELLI (LUCIE NOVELLI),,2 RUE DES FOUGERES 39320 MONTFLEUR,39320,MONTFLEUR,2021-02-05,Lucie Novelli,https://annuaire-entreprises.data.gouv.fr/entreprise/893797894,2026-10-01
893994137,89399413700022,JMMR IMMOBILIER (ERA DOLE IMMOBILIER),ERA IMMOBILIER,10 AVENUE DE NORTHWICH 39100 DOLE,39100,DOLE,2021-02-15,Jean-Michel Jacques Marcel Rederstorff (Président de SAS),https://annuaire-entreprises.data.gouv.fr/entreprise/893994137,2026-10-01
900069386,90006938600010,HALPHAHOME (TOCTOC),,5 RUE DE DAMPARIS 39100 FOUCHERANS,39100,FOUCHERANS,2021-05-15,Elisa Monique Parrot (Honore) (Président de SAS),https://annuaire-entreprises.data.gouv.fr/entreprise/900069386,2026-10-01
887543031,88754303100017,AURELIEN BASSET,,VINCELLES 8 RUE DES BERARD 39190 VAL-SONNETTE,39190,VAL-SONNETTE,2020-06-22,Aurelien Basset,https://annuaire-entreprises.data.gouv.fr/entreprise/887543031,2026-10-01
939679825,93967982500017,LE CHENE,,180 RUE DU GLACIER 39190 COUSANCE,39190,COUSANCE,2025-01-06,Erwan Marie Joseph Olivier Brugerolle De Fraissinette (Président de SAS),https://annuaire-entreprises.data.gouv.fr/entreprise/939679825,2026-10-01
949820245,94982024500023,AE IMMOBILIER,,4 RUE DE L'EGLISE 39800 PICARREAU,39800,PICARREAU,2023-03-13,Emilien Moreau (Président de SAS),https://annuaire-entreprises.data.gouv.fr/entreprise/949820245,2026-10-01
940836661,94083666100014,THOMAS GUIOT,,25 RUE DES BRUYERES 39100 DOLE,39100,DOLE,2025-03-03,Thomas Aurélien Guiot,https://annuaire-entreprises.data.gouv.fr/entreprise/940836661,2026-10-01
912905155,91290515500012,JEAN-FRANCOIS PECHOUX,,41 GRANDE RUE DE THOIRETTE 39240 THOIRETTE-COISIA,39240,THOIRETTE-COISIA,2022-05-02,Jean-Francois Xavier Pechoux,https://annuaire-entreprises.data.gouv.fr/entreprise/912905155,2026-10-01
130537673,13053767300019,ALBAN JARRIAUX,,219 RUE DU FOUR A PAIN 39570 MESSIA-SUR-SORNE,39570,MESSIA-SUR-SORNE,2026-09-01,Alban Frédérique Patrice Jarriaux,https://annuaire-entreprises.data.gouv.fr/entreprise/130537673,2026-10-01
902729433,90272943300026,LEA PAGET,,31 RUE LEON ET CECILE MATHY 39570 MONTMOROT,39570,MONTMOROT,2021-09-06,Lea Paget,https://annuaire-entreprises.data.gouv.fr/entreprise/902729433,2026-10-01
920027729,92002772900028,SANDRINE FALCE-BEN HAMOU,,11 IMPASSE DE LA SAPINIERE 39220 LES ROUSSES,39220,LES ROUSSES,2022-09-06,Sandrine Marcelle Liliane Falce-Ben Hamou,https://annuaire-entreprises.data.gouv.fr/entreprise/920027729,2026-10-01
920129533,92012953300013,LG INVEST,,MOREZ 2 RUE DES FORGES 39400 HAUTS DE BIENNE,39400,HAUTS DE BIENNE,2022-10-05,Logan Guillaume (Président de SAS),https://annuaire-entreprises.data.gouv.fr/entreprise/920129533,2026-10-01
918155532,91815553200016,VICTOR DE WARREN (AGENCE VIEILLES PIERRES),,CHATEAU SUR L'HAYE 39300 MONTIGNY-SUR-L'AIN,39300,MONTIGNY-SUR-L'AIN,2022-08-01,Victor De Warren,https://annuaire-entreprises.data.gouv.fr/entreprise/918155532,2026-10-01
918818352,91881835200018,JUSTINE MOREL (TEMERAIRE IMMOBILIER),TEMERAIRE IMMOBILIER,7 RUE DE COTE POIRE 39300 SIROD,39300,SIROD,2022-09-01,Justine Helene Morel,https://annuaire-entreprises.data.gouv.fr/entreprise/918818352,2026-10-01
933837023,93383702300011,CORALIE DUPUY,,16 B RUE CHRISTIN 39200 SAINT-CLAUDE,39200,SAINT-CLAUDE,2024-09-30,Coralie Marlène Marina Dupuy,https://annuaire-entreprises.data.gouv.fr/entreprise/933837023,2026-10-01
935137760,93513776000010,AURELIE GILLET (GUIGUE),,9 RUE DU PUITS 39350 TAXENNE,39350,TAXENNE,2024-11-04,Aurélie Claire Germaine Gillet (Guigue),https://annuaire-entreprises.data.gouv.fr/entreprise/935137760,2026-10-01
937538239,93753823900016,ILONA CARTAUX (CARTAUX),,622 ROUTE DE CONDAMINE 39570 COURLAOUX,39570,COURLAOUX,2024-11-18,Ilona Cartaux (Cartaux),https://annuaire-entreprises.data.gouv.fr/entreprise/937538239,2026-10-01
927846683,92784668300013,STEPHANE MARTINS,,93 RUE DES GLYCINES 39570 MACORNAY,39570,MACORNAY,2024-04-10,Stéphane Claude Pierre Martins,https://annuaire-entreprises.data.gouv.fr/entreprise/927846683,2026-10-01
913437125,91343712500036,ELISE LUTZ (EL NAILS),,36 RUE DE CHEVIGNY 21130 AUXONNE,21130,AUXONNE,2022-03-11,Elise Lutz,https://annuaire-entreprises.data.gouv.fr/entreprise/913437125,2026-10-01
929379139,92937913900017,VALENTIN HUOT,,20 RUE DU GOUVERNEMENT 39100 DOLE,39100,DOLE,2024-05-22,Valentin Huot,https://annuaire-entreprises.data.gouv.fr/entreprise/929379139,2026-10-01
994333714,99433371400016,CELIA JUNON,,2 ROUTE D'ORBAGNA 39190 BEAUFORT-ORBAGNA,39190,BEAUFORT-ORBAGNA,2026-01-05,Célia Junon,https://annuaire-entreprises.data.gouv.fr/entreprise/994333714,2026-10-01
994938603,99493860300010,IMMOBILIAR (IMMOBILIAR),,60 ROUTE DES BOURGUIGNONS 39200 LA RIXOUSE,39200,LA RIXOUSE,2025-07-01,Mehmet Simsek (Président de SAS),https://annuaire-entreprises.data.gouv.fr/entreprise/994938603,2026-10-01
991850702,99185070200010,JUNIOR SIGNATURE,,49 RUE DE LA FRONTIERE 39220 LES ROUSSES,39220,LES ROUSSES,2025-09-16,Aurélien Vuillermoz (Président de SAS),https://annuaire-entreprises.data.gouv.fr/entreprise/991850702,2026-10-01
977685825,97768582500019,CHLOE CHUARD,,11 RUE DES PRES 39120 BRETENIERES,39120,BRETENIERES,2023-07-10,Chloé Chuard,https://annuaire-entreprises.data.gouv.fr/entreprise/977685825,2026-10-01
953745262,95374526200014,BORAS BORAS,,7 RUE DU SAUVEUR 39130 CLAIRVAUX-LES-LACS,39130,CLAIRVAUX-LES-LACS,2023-05-11,Magali Nicole Danièle Jaillet (Jaillet) (Président de SAS),https://annuaire-entreprises.data.gouv.fr/entreprise/953745262,2026-10-01
954018370,95401837000047,MARINA RCHEME (BERGER),,6 RUE DE LA CITADELLE 39270 MARNEZIA,39270,MARNEZIA,2023-07-01,Marina Carole Rcheme (Berger),https://annuaire-entreprises.data.gouv.fr/entreprise/954018370,2026-10-01
980975304,98097530400018,TIPHAINE SONREL,,5 RUE DES PUITS 39700 LAVANGEOT,39700,LAVANGEOT,2023-11-06,Tiphaine Sonrel,https://annuaire-entreprises.data.gouv.fr/entreprise/980975304,2026-10-01
984238121,98423812100011,KHEIRA INVERNIZZI (MOUELLEF),,36 CHEMIN DES 3 FONTAINES 39200 SAINT-CLAUDE,39200,SAINT-CLAUDE,2024-02-01,Kheira Invernizzi (Mouellef),https://annuaire-entreprises.data.gouv.fr/entreprise/984238121,2026-10-01
929942688,92994268800029,AGENCE DES TANNEURS,,25 RUE DU PARLEMENT 39100 DOLE,39100,DOLE,2024-06-12,SARL MAISON LACROIX (Directeur Général) | GROUPE MORENO-LOPEZ HOLDING (Président de SAS),https://annuaire-entreprises.data.gouv.fr/entreprise/929942688,2026-10-01
532089430,53208943000039,MPI (SIXIEME AVENUE),SIXIEME AVENUE,12 RUE DE RONDE 39000 LONS-LE-SAUNIER,39000,LONS-LE-SAUNIER,2011-05-02,Stephanie Fabienne Lorton (Directeur Général) | Andreanne Gauthier (Perrin) (Président de SAS),https://annuaire-entreprises.data.gouv.fr/entreprise/532089430,2026-10-01
532507605,53250760500022,FLORENT MATHIEU,,345 RUE DES SARRAZINS 39300 SYAM,39300,SYAM,2011-04-04,Florent Marc-Antoine Mathieu,https://annuaire-entreprises.data.gouv.fr/entreprise/532507605,2026-10-01
532535796,53253579600025,MONIR KOSSAIMI,,12 RUE PAUL DENNINGER 39300 CHAMPAGNOLE,39300,CHAMPAGNOLE,2011-05-02,Monir Kossaimi,https://annuaire-entreprises.data.gouv.fr/entreprise/532535796,2026-10-01
538448184,53844818400019,SARL ALTANEO DOLE IMMOBILIER (CABINET LIMIER - BAULARD),,64 BD WILSON 39100 DOLE,39100,DOLE,2012-01-01,Philippe Jeannerot (Jeanerot) (Mandataire ad hoc),https://annuaire-entreprises.data.gouv.fr/entreprise/538448184,2026-10-01
538605387,53860538700017,MICHEL GENTELLE,,72 CLOS DE BRAY 39570 L'ETOILE,39570,L'ETOILE,2011-11-01,Michel Henri Gentelle,https://annuaire-entreprises.data.gouv.fr/entreprise/538605387,2026-10-01
538944042,53894404200067,DAMIEN ROBERT,,2 PLACE GEORGES DEPREZ 25170 BURGILLE,25170,BURGILLE,2011-12-19,Damien Yvan Robert,https://annuaire-entreprises.data.gouv.fr/entreprise/538944042,2026-10-01
798891289,79889128900034,THOMAS FRACHON,,8 RUE DU CHANOIS 39100 AUTHUME,39100,AUTHUME,2013-11-22,Thomas Philippe Pierre Frachon,https://annuaire-entreprises.data.gouv.fr/entreprise/798891289,2026-10-01
797397130,79739713000049,JUAN TORRALBA,,14 ROUTE DE CHAUSSIN 39120 LES ESSARDS-TAIGNEVAUX,39120,LES ESSARDS-TAIGNEVAUX,2013-09-09,Juan Antonio Torralba,https://annuaire-entreprises.data.gouv.fr/entreprise/797397130,2026-10-01
797685278,79768527800021,STEPHANE MAGRIN,,111 RUE DE BABYLONE 39570 PERRIGNY,39570,PERRIGNY,2013-09-17,Stéphane Denis Henri Magrin,https://annuaire-entreprises.data.gouv.fr/entreprise/797685278,2026-10-01
752508051,75250805100030,ROMAIN MOUREY,,12 RUE LOUIS LAUTREY 39190 COUSANCE,39190,COUSANCE,2012-07-09,Romain Thibault Pascal Mourey,https://annuaire-entreprises.data.gouv.fr/entreprise/752508051,2026-10-01
790368575,79036857500011,YANNICK CURREAUX,CAPIFRANCE,22 RUE DU VALJON 39500 ABERGEMENT-LA-RONCE,39500,ABERGEMENT-LA-RONCE,2013-01-01,Yannick Curreaux,https://annuaire-entreprises.data.gouv.fr/entreprise/790368575,2026-10-01
490810405,49081040500053,NATHALIE JURET,,MOREZ 170 RUE DE LA REPUBLIQUE 39400 HAUTS DE BIENNE,39400,HAUTS DE BIENNE,2004-11-18,Nathalie Andree Marie-Angele Juret,https://annuaire-entreprises.data.gouv.fr/entreprise/490810405,2026-10-01
414502294,41450229400039,NATHALIE CONFAIS,,17 RUE DU CHATEAU 39100 AUTHUME,39100,AUTHUME,1997-12-01,Nathalie Confais,https://annuaire-entreprises.data.gouv.fr/entreprise/414502294,2026-10-01
103404687,10340468700016,DM IMMO,,6 ROUTE DE MONTHOLIER 39800 GROZON,39800,GROZON,2026-03-25,Didier Gaudry (Gérant et associé indéfiniment responsable) | Morgane Limoges (Associé indéfiniment responsable),https://annuaire-entreprises.data.gouv.fr/entreprise/103404687,2026-10-01
511291023,51129102300022,VALERIE LAMIDIEU (AMANDOLA),,3 RUE DES PERDRIX 91490 MOIGNY-SUR-ECOLE,91490,MOIGNY-SUR-ECOLE,2009-04-06,Valerie Marie Pascale Lamidieu (Amandola),https://annuaire-entreprises.data.gouv.fr/entreprise/511291023,2026-10-01
511295164,51129516400038,JULIEN ALLEMAND,,29 GRANDE RUE 39570 CHILLY-LE-VIGNOBLE,39570,CHILLY-LE-VIGNOBLE,2009-02-02,Julien Allemand,https://annuaire-entreprises.data.gouv.fr/entreprise/511295164,2026-10-01
647040922,64704092200039,NADINE GUYON (KAUSCH),,49 RUE DE LA REPUBLIQUE 39400 HAUTS DE BIENNE,39400,HAUTS DE BIENNE,1970-01-01,Nadine Guyon (Kausch),https://annuaire-entreprises.data.gouv.fr/entreprise/647040922,2026-10-01
383216546,38321654600036,ISABELLE PARDO (QUIETE) (AGENCE IMMOBILIERE DES 2 LACS),AGENCE IMMOBILIERE DES 2 LACS,8 PLACE DU 8 MAI 1945 39130 CLAIRVAUX-LES-LACS,39130,CLAIRVAUX-LES-LACS,1991-10-08,Isabelle Elisabeth Pardo (Quiete),https://annuaire-entreprises.data.gouv.fr/entreprise/383216546,2026-10-01
331059436,33105943600039,MICHEL CHRISTOPHE-ANGLES,,14 RUE TAMISIER 39000 LONS-LE-SAUNIER,39000,LONS-LE-SAUNIER,1984-11-15,Michel Christophe-Angles,https://annuaire-entreprises.data.gouv.fr/entreprise/331059436,2026-10-01
102366820,10236682000011,SAID SLIMANE,,171 RUE CHANTAL JOURDY 39100 DOLE,39100,DOLE,2026-03-12,Said Aissa Slimane,https://annuaire-entreprises.data.gouv.fr/entreprise/102366820,2026-10-01
102500873,10250087300017,ALMAS KARALIC (KARALIC),,MAISON 1 CHEMIN DES BAUVRETTES 39100 CHOISEY,39100,CHOISEY,2026-03-02,Almas Karalic (Karalic),https://annuaire-entreprises.data.gouv.fr/entreprise/102500873,2026-10-01
102958972,10295897200014,ARTHUR GUYE,,7 RUE DES ECOLES 39700 RANS,39700,RANS,2026-03-23,Arthur Guye,https://annuaire-entreprises.data.gouv.fr/entreprise/102958972,2026-10-01
105628309,10562830900012,CELINE BONNOT-FEVRE,,5 RUE LE CARROUGE 39570 GEVINGEY,39570,GEVINGEY,2026-05-27,Céline Marcelle Bonnot-Fevre,https://annuaire-entreprises.data.gouv.fr/entreprise/105628309,2026-10-01
105921290,10592129000018,MARC-ANTOINE PARIZOT-SISTI,,165 RUE DE LA REPUBLIQUE 39400 HAUTS DE BIENNE,39400,HAUTS DE BIENNE,2024-07-15,Marc-Antoine Parizot-Sisti,https://annuaire-entreprises.data.gouv.fr/entreprise/105921290,2026-10-01
106377997,10637799700015,MARIE CAILLOT (MONNOT),,1 RUE DE L'EGALITE - VILLECHANTRIA 39320 VAL SURAN,39320,VAL SURAN,2026-05-08,Marie Caillot (Monnot),https://annuaire-entreprises.data.gouv.fr/entreprise/106377997,2026-10-01
319816039,31981603900022,SANAC IMMOBILIER,CENTURY 21,317 RUE PASTEUR 39220 LES ROUSSES,39220,LES ROUSSES,1976-05-01,Valerie Jeanne Colin (Président de SAS),https://annuaire-entreprises.data.gouv.fr/entreprise/319816039,2026-10-01
350895900,35089590000016,SCI M S M,,39350 VITREUX,39350,VITREUX,1989-05-01,Marcelle Simone Nomary (Surot) (Gérant),https://annuaire-entreprises.data.gouv.fr/entreprise/350895900,2026-10-01
350931556,35093155600020,YVIMMO (DIAGNOSTICS-HABITATS-OPTIQUE DE PARIS),,MOREZ 45 RUE WLADIMIR GAGNEUR 39400 HAUTS DE BIENNE,39400,HAUTS DE BIENNE,1989-04-14,Yves Louis Grenier (Président de SAS),https://annuaire-entreprises.data.gouv.fr/entreprise/350931556,2026-10-01
440280071,44028007100042,CHRISTOPHE LORIOT,,60 RUE BASSE 39570 CONLIEGE,39570,CONLIEGE,2002-01-03,Christophe Loriot,https://annuaire-entreprises.data.gouv.fr/entreprise/440280071,2026-10-01
441417672,44141767200058,PHILIPPE SESTIER,,4 RUE DU TUMULUS 39100 DOLE,39100,DOLE,2002-04-02,Philippe Sestier,https://annuaire-entreprises.data.gouv.fr/entreprise/441417672,2026-10-01
433912953,43391295300018,PASCAL ROBILLARD,,ROUTE DE NEVY 39210 BLOIS-SUR-SEILLE,39210,BLOIS-SUR-SEILLE,2000-12-15,Pascal Jules Robillard,https://annuaire-entreprises.data.gouv.fr/entreprise/433912953,2026-10-01
434350807,43435080700013,SCI DES 3 MOINEAUX,,3 RUE DES ECOUVEES 39300 PONT-DU-NAVOY,39300,PONT-DU-NAVOY,2000-12-23,Nicole Angele Marie Escario Blanco (Lamatabois) (Gérant) | Francois Louis Marie Joseph Pouillard (Gérant),https://annuaire-entreprises.data.gouv.fr/entreprise/434350807,2026-10-01
434496386,43449638600039,REMI GAUTHIER,,160 RUE DU MONUMENT 39570 COURLAOUX,39570,COURLAOUX,2001-01-01,Remi Gauthier,https://annuaire-entreprises.data.gouv.fr/entreprise/434496386,2026-10-01
398447565,39844756500027,AGENCE TEMERAIRE IMMOBILIER,,65 AVENUE DE LA REPUBLIQUE 39300 CHAMPAGNOLE,39300,CHAMPAGNOLE,1994-08-08,Denis Christian Adrien Breniaux (Gérant),https://annuaire-entreprises.data.gouv.fr/entreprise/398447565,2026-10-01
408554657,40855465700010,CENTURY 21 CABINET FAIVRE SARL,,4 AVENUE JACQUES DUHAMEL 39100 DOLE,39100,DOLE,1996-07-01,Pierre Jean Charles Gelin (Gérant),https://annuaire-entreprises.data.gouv.fr/entreprise/408554657,2026-10-01
408606630,40860663000031,ALINE GUERRIN,,6 CHEMIN DE LA CARRIERE 39700 RANCHOT,39700,RANCHOT,1996-09-01,Aline Camille Guerrin,https://annuaire-entreprises.data.gouv.fr/entreprise/408606630,2026-10-01
409931235,40993123500017,JEAN TONNAIRE,,8 RUE DE BABYLONE 39270 ONOZ,39270,ONOZ,1990-12-31,Jean Franc Tonnaire,https://annuaire-entreprises.data.gouv.fr/entreprise/409931235,2026-10-01
439306648,43930664800023,JEAN GRAS,C T B,17 ROUTE DE PIERRE 71330 SAINT-GERMAIN-DU-BOIS,71330,SAINT-GERMAIN-DU-BOIS,2001-09-26,Jean Paul Jacques Andre Gras,https://annuaire-entreprises.data.gouv.fr/entreprise/439306648,2026-10-01
477609812,47760981200045,IMMOS PATRIMOINE (LA MAGELLANCE),,86 RUE DE ROUSSOT 39210 LAVIGNY,39210,LAVIGNY,2004-07-01,Herve Daniel Denis Mosimann (Président de SAS),https://annuaire-entreprises.data.gouv.fr/entreprise/477609812,2026-10-01
477834295,47783429500016,SABRINA TISLER,,RANCHETTE 13 CHEMIN DES 3 FONTAINES 39200 SAINT-CLAUDE,39200,SAINT-CLAUDE,2004-07-12,Sabrina Tisler,https://annuaire-entreprises.data.gouv.fr/entreprise/477834295,2026-10-01
449845494,44984549400060,ACTYMO (ACTYMO),ORPI DEAUVILLE,116 AVENUE DE LA REPUBLIQUE 14800 DEAUVILLE,14800,DEAUVILLE,2003-06-30,Laurence Marie Joseph Jurzynek (Gry) (Gérant),https://annuaire-entreprises.data.gouv.fr/entreprise/449845494,2026-10-01
491425849,49142584900024,ROMUALD DEBOURG,,611 ROUTE DE SAINT AMOUR 39160 LES TROIS-CHATEAUX,39160,LES TROIS-CHATEAUX,2006-08-01,Romuald Debourg,https://annuaire-entreprises.data.gouv.fr/entreprise/491425849,2026-10-01
483495552,48349555200018,SARL HORIZON-IMMOBILIER,,60 RUE LOUIS XIV LE GRAND 39140 BLETTERANS,39140,BLETTERANS,2005-08-01,Arnaud Jean-Claude Guerin (Gérant),https://annuaire-entreprises.data.gouv.fr/entreprise/483495552,2026-10-01
487852477,48785247700016,CHRISTIAN ROY,,14 ROUTE DE DIJON 39120 CHAUSSIN,39120,CHAUSSIN,2006-01-01,Christian Claude Roy,https://annuaire-entreprises.data.gouv.fr/entreprise/487852477,2026-10-01
488057845,48805784500015,ARES,,9 RUE ARNEY 39100 DOLE,39100,DOLE,2005-11-25,,https://annuaire-entreprises.data.gouv.fr/entreprise/488057845,2026-10-01
484313689,48431368900032,LES DOMBES,,83 CHEMIN DES DOMBES 39000 LONS-LE-SAUNIER,39000,LONS-LE-SAUNIER,2005-09-02,Nicolas Vannier (Gérant),https://annuaire-entreprises.data.gouv.fr/entreprise/484313689,2026-10-01
401418546,40141854600024,LIONEL MORO,,3 BOULEVARD PAUL LANGEVIN 38600 FONTAINE,38600,FONTAINE,1995-06-14,Lionel Marcel Lucien Moro,https://annuaire-entreprises.data.gouv.fr/entreprise/401418546,2026-10-01
503885154,50388515400016,RACHID RKAINI,,9 RUE DES ROSIERS 39000 LONS-LE-SAUNIER,39000,LONS-LE-SAUNIER,2008-04-01,Rachid Rkaini,https://annuaire-entreprises.data.gouv.fr/entreprise/503885154,2026-10-01
503960288,50396028800036,GILLES EON,,7 ALLEE DE LA BUTTE 56000 VANNES,56000,VANNES,2008-05-01,Gilles Eon,https://annuaire-entreprises.data.gouv.fr/entreprise/503960288,2026-10-01
504164393,50416439300028,DELORT-IMMOBILIER,CABINET PETOLAT,22 GRANDE RUE 39600 ARBOIS,39600,ARBOIS,2008-04-21,Karim Belghorzi (Gérant),https://annuaire-entreprises.data.gouv.fr/entreprise/504164393,2026-10-01
504252891,50425289100016,BIZELUC,,1 CHEMIN DE LA CHAINEE 39120 ASNANS-BEAUVOISIN,39120,ASNANS-BEAUVOISIN,2008-04-15,Patrick Maison (Gérant),https://annuaire-entreprises.data.gouv.fr/entreprise/504252891,2026-10-01
421948951,42194895100064,EUROPEAN BUILDING (LES GITES DU PARC) (EB),,18 RTE DE GRAY 70100 MANTOCHE,70100,MANTOCHE,1999-02-02,Isabelle Jeunot (Houard) (Directeur Général) | Serge Elie Jean Jeunot (Autre),https://annuaire-entreprises.data.gouv.fr/entreprise/421948951,2026-10-01
391838323,39183832300015,NEGOCIA IMMOBILIER SARL,,26 RUE PASTEUR 39100 DOLE,39100,DOLE,1993-08-14,,https://annuaire-entreprises.data.gouv.fr/entreprise/391838323,2026-10-01
391878592,39187859200040,SEBASTIEN BRONSAIN,,2 CHEMIN DE PARTHEY 39100 CHOISEY,39100,CHOISEY,1993-08-01,Sebastien Bronsain,https://annuaire-entreprises.data.gouv.fr/entreprise/391878592,2026-10-01
419777438,41977743800013,MICHEL BOUVIER,,39260 LES CROZETS,39260,LES CROZETS,1998-07-01,Michel Robert Bouvier,https://annuaire-entreprises.data.gouv.fr/entreprise/419777438,2026-10-01
511093395,51109339500057,PIERRE MAZUE,,2 RUE DU STADE 39300 MONT-SUR-MONNET,39300,MONT-SUR-MONNET,2009-03-15,Pierre Henri Mazue,https://annuaire-entreprises.data.gouv.fr/entreprise/511093395,2026-10-01
514283241,51428324100016,CATHERINE ANTOINETTE VIEILLEFON,,98 AVENUE DU MARECHAL JUIN 39100 DOLE,39100,DOLE,2009-09-01,Catherine Antoinette Vieillefon,https://annuaire-entreprises.data.gouv.fr/entreprise/514283241,2026-10-01
512297532,51229753200016,ALAIN THIEBAUD,,6 RUE DESSOUS LES CHENES 39300 LES NANS,39300,LES NANS,2009-03-24,Alain Andre Alfred Thiebaud,https://annuaire-entreprises.data.gouv.fr/entreprise/512297532,2026-10-01
530635143,53063514300015,ROLAND DUMON,,363 ROUTE DE MACORNAY 39000 LONS-LE-SAUNIER,39000,LONS-LE-SAUNIER,2011-03-01,Roland Dumon,https://annuaire-entreprises.data.gouv.fr/entreprise/530635143,2026-10-01
520267394,52026739400028,TRANS'MITIS,CAP LOGIS,71 RUE LOUIS XIV LE GRAND 39140 BLETTERANS,39140,BLETTERANS,2010-03-01,Michel Rene Robert (Président de SAS),https://annuaire-entreprises.data.gouv.fr/entreprise/520267394,2026-10-01
520873779,52087377900018,MAXIMILIEN PELISSARD,,20 RUE DES CORDELIERS 39000 LONS-LE-SAUNIER,39000,LONS-LE-SAUNIER,2010-03-01,Maximilien Pelissard,https://annuaire-entreprises.data.gouv.fr/entreprise/520873779,2026-10-01
521040386,52104038600059,CEDRIC IVANES,,10 RUE DE L'ECOLE 39350 OUGNEY,39350,OUGNEY,2010-04-01,Cédric Francis Daniel Ivanes,https://annuaire-entreprises.data.gouv.fr/entreprise/521040386,2026-10-01
521435131,52143513100029,FREDERIC BLONDEAU,,28 RUE DU LOUP 39500 TAVAUX,39500,TAVAUX,2010-04-01,Frederic Jean Robert Blondeau,https://annuaire-entreprises.data.gouv.fr/entreprise/521435131,2026-10-01
522342435,52234243500016,SOPHIE MARECHAL (BORNAT),,4 RUE LOITEAU 39300 EQUEVILLON,39300,EQUEVILLON,2010-05-10,Sophie Claude Marechal (Bornat),https://annuaire-entreprises.data.gouv.fr/entreprise/522342435,2026-10-01
535148613,53514861300016,NATHALIE RAMAUX (JACQUIER),,14 RUE DE LA LIBERTE 39570 VERNANTOIS,39570,VERNANTOIS,2011-10-04,Nathalie Laurence Annie Ramaux (Jacquier),https://annuaire-entreprises.data.gouv.fr/entreprise/535148613,2026-10-01
914328398,91432839800013,LUCILE GRANDVOINNET,,29 RUE DE L'EGLISE 39460 FONCINE-LE-HAUT,39460,FONCINE-LE-HAUT,2022-03-14,Lucile Louise Marie Grandvoinnet,https://annuaire-entreprises.data.gouv.fr/entreprise/914328398,2026-10-01
918682345,91868234500015,MYLENE JEANNIN,,4 RUE XAVIER JOLICLERC 39250 MIGNOVILLARD,39250,MIGNOVILLARD,2022-09-05,Mylene Laurence Christian Jeannin,https://annuaire-entreprises.data.gouv.fr/entreprise/918682345,2026-10-01
918783135,91878313500018,MATHIEU CAQUINEAU (CAQUINEAU MATHIEU),,3 RUE DES CHENES 39700 RANS,39700,RANS,2022-09-01,Mathieu Caquineau,https://annuaire-entreprises.data.gouv.fr/entreprise/918783135,2026-10-01
911420750,91142075000018,MHC IMMOBILIER,,26 ROUTE DE CHARCHILLAC 39700 SALANS,39700,SALANS,2022-03-16,Maeva Marie-Pierre Evelyne Henriot-Colin (Gérant),https://annuaire-entreprises.data.gouv.fr/entreprise/911420750,2026-10-01
912031978,91203197800014,THIERRY THIBAUT,,8 RUE DE CHAMPAGNE 39500 DAMPARIS,39500,DAMPARIS,2022-04-01,Thierry Raymond Thibaut,https://annuaire-entreprises.data.gouv.fr/entreprise/912031978,2026-10-01
908372709,90837270900018,PAIVA IMMOBILIER,L'ETUDIMO,57 GRANDE RUE 39800 POLIGNY,39800,POLIGNY,2021-11-01,Catherine Virginie Paiva Da Silva (Président de SAS),https://annuaire-entreprises.data.gouv.fr/entreprise/908372709,2026-10-01
933674707,93367470700015,AMANDINE HECK,,599 GRANDE RUE DU MEIX 39230 LOMBARD,39230,LOMBARD,2024-10-16,Amandine Heck,https://annuaire-entreprises.data.gouv.fr/entreprise/933674707,2026-10-01
934960519,93496051900015,MATTHIEU BOUCLET FORETS TRANSACTIONS,,BAT C APP 56 5 RUE DES PACOTTES 39100 DOLE,39100,DOLE,2024-10-31,Matthieu Clement Bouclet (Président de SAS),https://annuaire-entreprises.data.gouv.fr/entreprise/934960519,2026-10-01
927458497,92745849700017,SIMON CLEMENT (CLEMENT),,251 LOTISSEMENT DU PRE BENOIT 39310 LAMOURA,39310,LAMOURA,2024-04-20,Simon Julien Christophe Clement (Clement),https://annuaire-entreprises.data.gouv.fr/entreprise/927458497,2026-10-01
943555243,94355524300022,SELIN ERDEM,,9 CHEMIN DES ARBRES SECS 39100 FOUCHERANS,39100,FOUCHERANS,2025-05-05,Selin Erdem,https://annuaire-entreprises.data.gouv.fr/entreprise/943555243,2026-10-01
942695156,94269515600011,CLARA FRICHET,,2 CHEMIN DE LA CHAPELLE 39260 VILLARDS-D'HERIA,39260,VILLARDS-D'HERIA,2025-03-31,Clara Elodie Marine Frichet,https://annuaire-entreprises.data.gouv.fr/entreprise/942695156,2026-10-01
949020887,94902088700012,IMMO39DOLE,,50 GRANDE RUE 39100 DOLE,39100,DOLE,2023-02-14,Pierre Marie Cédric Bruchon (Président de SAS),https://annuaire-entreprises.data.gouv.fr/entreprise/949020887,2026-10-01
949313704,94931370400015,VDN-GROUPE,,50 LA PETITE BIOLEE 39190 CUISIA,39190,CUISIA,2023-02-22,Gilles Adrien Emile Lakajzen (Président de SAS),https://annuaire-entreprises.data.gouv.fr/entreprise/949313704,2026-10-01
949619266,94961926600016,LUTHENAS,,6 B RUE CLEMENCEAU 39300 CHAMPAGNOLE,39300,CHAMPAGNOLE,2023-03-01,Lucie Viret (Président de SAS),https://annuaire-entreprises.data.gouv.fr/entreprise/949619266,2026-10-01
944964444,94496444400029,MICHAEL DA COSTA (DA COSTA),,NUMERO 58 RUE DE L'ABERGEMENT 39500 TAVAUX,39500,TAVAUX,2025-08-01,Michael Abel Da Costa (Da Costa),https://annuaire-entreprises.data.gouv.fr/entreprise/944964444,2026-10-01
930863469,93086346900019,NOLAN BRONSAIN,,9 PL NATIONALE CHARLES DE GAULLE 39100 DOLE,39100,DOLE,2024-07-08,Nolan Bronsain,https://annuaire-entreprises.data.gouv.fr/entreprise/930863469,2026-10-01
851584474,85158447400015,ANDREA FERNANDES-DE-DEUS,,4 RUE DU PRE 39200 SAINT-CLAUDE,39200,SAINT-CLAUDE,2019-05-27,Andrea Fernandes-De-Deus,https://annuaire-entreprises.data.gouv.fr/entreprise/851584474,2026-10-01
878830256,87883025600029,JEAN-CHRISTOPHE BOURSET,,5 RUE BASSE 39700 MALANGE,39700,MALANGE,2019-10-17,Jean-Christophe Bourset,https://annuaire-entreprises.data.gouv.fr/entreprise/878830256,2026-10-01
882975949,88297594900018,GIACOMIN,,86 RUE DES GRILLERES 39570 GERUGE,39570,GERUGE,2020-04-16,Anisa Giacomin (Gérant),https://annuaire-entreprises.data.gouv.fr/entreprise/882975949,2026-10-01
841706898,84170689800019,SANDRINE KAZANDJI,,14 RUE DU FOUNOT 39290 ARCHELANGE,39290,ARCHELANGE,2018-03-01,Sandrine Arlette Raphaelle Kazandji,https://annuaire-entreprises.data.gouv.fr/entreprise/841706898,2026-10-01
840931125,84093112500024,XAVIER VERRIERE,,21 AVENUE LOUIS PAGET 39400 HAUTS DE BIENNE,39400,HAUTS DE BIENNE,2018-08-03,Xavier Jean-Louis Verriere,https://annuaire-entreprises.data.gouv.fr/entreprise/840931125,2026-10-01
894076280,89407628000011,SAS MAGIMMO (MAGIMMO),MAGIMMO,RESIDENCE LE FLORILEGE 35 ROUTE NATIONALE 39100 DOLE,39100,DOLE,2021-02-03,Thierry Mario Raphael Magno (Président de SAS),https://annuaire-entreprises.data.gouv.fr/entreprise/894076280,2026-10-01
894766302,89476630200026,VAIA,,2 RUE EMILE ZOLA 39100 DOLE,39100,DOLE,2021-03-01,Maxime Mansot (Président de SAS),https://annuaire-entreprises.data.gouv.fr/entreprise/894766302,2026-10-01
895116903,89511690300033,QUENTIN BUTELLE,,11 PLACE DES ANNONCIADES 39250 NOZEROY,39250,NOZEROY,2021-03-11,Quentin Roger Thierry Butelle,https://annuaire-entreprises.data.gouv.fr/entreprise/895116903,2026-10-01
895183465,89518346500015,I.F.S RHONE-ALPES-LEMAN (IMMOBILAC FRANCO-SUISSE),IMMOBILAC FRANCO-SUISSE,5 AVENUE DU MONT BLANC 74950 SCIONZIER,74950,SCIONZIER,2021-04-01,Adam Sayid Ghoorun (Président de SAS) | Jean-Claude Laibe (Président de SAS),https://annuaire-entreprises.data.gouv.fr/entreprise/895183465,2026-10-01
892504820,89250482000010,NOURA AISSANI,,17 ROUTE DE LA GARE 39120 SAINT-LOUP,39120,SAINT-LOUP,2021-01-01,Noura Aissani,https://annuaire-entreprises.data.gouv.fr/entreprise/892504820,2026-10-01
892547910,89254791000018,THOMAS JUILLET (TOUT DEPENDRA DES SOCIETES),,31 GRANDE RUE 39700 EVANS,39700,EVANS,2020-12-10,Thomas Juillet,https://annuaire-entreprises.data.gouv.fr/entreprise/892547910,2026-10-01
889084752,88908475200035,AMANDINE CHEVALIER (CHEVALIER),,2 CHEMIN DE LA CHAPELLE 39260 VILLARDS-D'HERIA,39260,VILLARDS-D'HERIA,2020-08-28,Amandine Magaly Chevalier (Chevalier),https://annuaire-entreprises.data.gouv.fr/entreprise/889084752,2026-10-01
897539326,89753932600016,IMMO FORET TRANSACTIONS,,ROUTE DU PONT DE GRATTEROCHE 39300 SAINT-GERMAIN-EN-MONTAGNE,39300,SAINT-GERMAIN-EN-MONTAGNE,2021-03-23,Julien Colombatto (Président de SAS),https://annuaire-entreprises.data.gouv.fr/entreprise/897539326,2026-10-01
884877697,88487769700018,CONVERGENCE IMMOBILIER (CONVERGENCE IMMOBILIER),,28 RUE LECOURBE 39000 LONS-LE-SAUNIER,39000,LONS-LE-SAUNIER,2020-07-01,Jean-Francois Jacques Zapelloni (Président de SAS),https://annuaire-entreprises.data.gouv.fr/entreprise/884877697,2026-10-01
852093772,85209377200014,LB IMMOBILIER,,45 A RUE PASTEUR 39100 DOLE,39100,DOLE,2019-07-01,Lauriane Pascale Bonjour (Président de SAS),https://annuaire-entreprises.data.gouv.fr/entreprise/852093772,2026-10-01
878904838,87890483800033,MARLENE DURAFFOURG,,43 RUE DES BUCLETS 39400 MORBIER,39400,MORBIER,2019-12-09,Marlene Marie Bernadette Duraffourg,https://annuaire-entreprises.data.gouv.fr/entreprise/878904838,2026-10-01
879271310,87927131000010,ROMEO,,3 RUE JULES GREVY 39380 MONT-SOUS-VAUDREY,39380,MONT-SOUS-VAUDREY,2019-10-19,Fabrice Laurent Bouton (Président de SAS),https://annuaire-entreprises.data.gouv.fr/entreprise/879271310,2026-10-01
850458811,85045881100013,MY HOUSE,,4 PLACE POINTELIN 39100 DOLE,39100,DOLE,2019-04-10,Engin Kilic (Gérant),https://annuaire-entreprises.data.gouv.fr/entreprise/850458811,2026-10-01
850679184,85067918400018,TOM JOURNOT,,2 T RUE DE DAMPARIS 39100 FOUCHERANS,39100,FOUCHERANS,2019-04-23,Tom Journot,https://annuaire-entreprises.data.gouv.fr/entreprise/850679184,2026-10-01
853184182,85318418200014,SERVISSIMMO (HOME SERVICES),,19 RUE SAINT DESIRE 39000 LONS-LE-SAUNIER,39000,LONS-LE-SAUNIER,2019-07-18,Alain Gerard Philippe Jacques (Président de SAS),https://annuaire-entreprises.data.gouv.fr/entreprise/853184182,2026-10-01
838973477,83897347700022,ANTHONY NIEL,,1 RUE DE LA FRUITIERE 39240 AROMAS,39240,AROMAS,2018-04-01,Anthony Christian Niel,https://annuaire-entreprises.data.gouv.fr/entreprise/838973477,2026-10-01
839542750,83954275000014,CAROLE RUGET,,70 CHEMIN DE LA GOULETTE 39000 LONS-LE-SAUNIER,39000,LONS-LE-SAUNIER,2018-04-17,Carole Marie Anne Ruget,https://annuaire-entreprises.data.gouv.fr/entreprise/839542750,2026-10-01
899157200,89915720000028,GWENDOLYN MALENFER,,7 LOTISSEMENT LA JOUSSOTTE 39380 CHISSEY-SUR-LOUE,39380,CHISSEY-SUR-LOUE,2021-05-18,Gwendolyn Aline Chantal Malenfer,https://annuaire-entreprises.data.gouv.fr/entreprise/899157200,2026-10-01
899223432,89922343200019,MANON RELION (UN CHEF DANS MON VILLAGE),UN CHEF DANS MON VILLAGE,345 LOTISSEMENT AU ROIGNON 39210 MONTAIN,39210,MONTAIN,2021-04-30,Manon Karine Laurence Relion,https://annuaire-entreprises.data.gouv.fr/entreprise/899223432,2026-10-01
903162154,90316215400012,HAUT-JURA-LACS IMMOBILIER (AGENCE DU HAUT-JURA) (HJL IMMO),GUY HOQUET,371 RUE PASTEUR 39220 LES ROUSSES,39220,LES ROUSSES,2021-09-10,Stephane Gilles Christian Bouillier (Président de SAS),https://annuaire-entreprises.data.gouv.fr/entreprise/903162154,2026-10-01
810639542,81063954200036,CJR IMMOBILIER,,227 ROUTE DU CERNILLET 39220 LES ROUSSES,39220,LES ROUSSES,2015-04-01,Mathilde Christine Colette Romand (Ducret) (Gérant),https://annuaire-entreprises.data.gouv.fr/entreprise/810639542,2026-10-01
824185110,82418511000015,SONIA FAIVRE (RUDLER),,52 RUE LEON GUIGNARD 39100 DOLE,39100,DOLE,2016-11-01,Sonia Janine Faivre (Rudler),https://annuaire-entreprises.data.gouv.fr/entreprise/824185110,2026-10-01
792410912,79241091200077,DAMIEN COIFFIER,,2 CHEMIN DES TOUPES 39570 TRENAL,39570,TRENAL,2013-04-15,Damien Louis Robert Coiffier,https://annuaire-entreprises.data.gouv.fr/entreprise/792410912,2026-10-01
792958746,79295874600010,PATRICE ROLLIER,,20 GRANDE RUE 39380 CHAMBLAY,39380,CHAMBLAY,2013-05-15,Patrice Pierre Louis Rollier,https://annuaire-entreprises.data.gouv.fr/entreprise/792958746,2026-10-01
801230186,80123018600026,LAURE LUGAND,,7 PLACE PHILIBERT DE CHALON 39000 LONS-LE-SAUNIER,39000,LONS-LE-SAUNIER,2013-03-23,Laure Marie Regine Lugand,https://annuaire-entreprises.data.gouv.fr/entreprise/801230186,2026-10-01
812172161,81217216100018,CHRISTELLE CROTTI (MICHEL),,4 CHE DES CHALETTES 39400 HAUTS DE BIENNE,39400,HAUTS DE BIENNE,2015-06-03,Christelle Denise Jeanne Crotti (Michel),https://annuaire-entreprises.data.gouv.fr/entreprise/812172161,2026-10-01
811764331,81176433100013,MACCY,,31 RUE DE L'AGRICULTURE 39000 LONS-LE-SAUNIER,39000,LONS-LE-SAUNIER,2015-06-01,Vincent Jacques Alain Riffiod (Autre),https://annuaire-entreprises.data.gouv.fr/entreprise/811764331,2026-10-01
805252897,80525289700022,SYLVAIN CHRETIEN,,LES CHENES ENTREE B 5 B RUE LEON ET CECILE MATHY 39570 MONTMOROT,39570,MONTMOROT,2014-01-01,Sylvain Marc Gérard Chrétien,https://annuaire-entreprises.data.gouv.fr/entreprise/805252897,2026-10-01
827586884,82758688400021,CHARLY SIMONIN,,335 RUE DE LA VALLIERE 39570 REVIGNY,39570,REVIGNY,2017-02-15,Charly Louis Lucien Simonin,https://annuaire-entreprises.data.gouv.fr/entreprise/827586884,2026-10-01
830791554,83079155400025,BENJAMIN MORETTI,,11 RUE DE CHAMPVANS 39100 FOUCHERANS,39100,FOUCHERANS,2017-07-10,Benjamin Jacques Rene Moretti,https://annuaire-entreprises.data.gouv.fr/entreprise/830791554,2026-10-01
831666433,83166643300014,OMAR SAAD,,49 RUE DU COLLEGE 39200 SAINT-CLAUDE,39200,SAINT-CLAUDE,2017-07-01,Omar Saad,https://annuaire-entreprises.data.gouv.fr/entreprise/831666433,2026-10-01
832705594,83270559400022,PILETTE IMMOBILIER (EVIDENCE),EVIDENCE PILETTE IMMOBILIER,17 AVENUE DE LA PAIX 39100 DOLE,39100,DOLE,2017-09-22,Maud Sophie Maryse Humblot-Pilette (Pilette) (Gérant),https://annuaire-entreprises.data.gouv.fr/entreprise/832705594,2026-10-01
820364800,82036480000020,CAPIMO DEVELOPPEMENT (CAPIMO DEVELOPPEMENT),CAPIMO,12 RUE DES ROSIERS 39240 CERNON,39240,CERNON,2016-05-16,Laurent Frarin (Gérant),https://annuaire-entreprises.data.gouv.fr/entreprise/820364800,2026-10-01
814064515,81406451500012,GUILLAUME CHASSOT IMMOBILIER FRANCO SUISSE (GC IMMO FRANCO SUISSE) (GCIFS),,2 RUE LAFAYETTE 39000 LONS-LE-SAUNIER,39000,LONS-LE-SAUNIER,2015-10-01,Guillaume Georges Robert Chassot (Président de SAS),https://annuaire-entreprises.data.gouv.fr/entreprise/814064515,2026-10-01
814462446,81446244600018,FREDERIC GUENEAU,,20 RUE MARCEL AYME 39100 DOLE,39100,DOLE,2015-11-01,Frederic Gilbert Andre Gueneau,https://annuaire-entreprises.data.gouv.fr/entreprise/814462446,2026-10-01
818344491,81834449100019,AUSSIMO,,46 AVENUE DE LA GARE 39100 CHAMPVANS,39100,CHAMPVANS,2016-02-01,Delphine Laetitia Merino (Gérant) | Delpine Laetitia Merino (Autre) | Jonathan Scott Richards (Gérant),https://annuaire-entreprises.data.gouv.fr/entreprise/818344491,2026-10-01
819041237,81904123700010,TJB,,13 RUE ALEXANDRE VIALATTE 39100 DOLE,39100,DOLE,2016-03-04,Aurore Marie Angele Turco (Directeur Général) | Gianni Serge Turco (Président de SAS) | Karine Elsa Turco (Directeur Général),https://annuaire-entreprises.data.gouv.fr/entreprise/819041237,2026-10-01
819203456,81920345600028,R&J IMMOBILIER,L'IMMOBILIERE,21 ROUTE DE L'ANCIENNE GENDARMERIE 71290 CUISERY,71290,CUISERY,2016-03-04,Pauline Jaillet (Président de SAS),https://annuaire-entreprises.data.gouv.fr/entreprise/819203456,2026-10-01
820973543,82097354300011,DELPHINE SORGUE (PLATRET),,570 RUE D'OISENANS 39140 RUFFEY-SUR-SEILLE,39140,RUFFEY-SUR-SEILLE,2016-06-13,Delphine Christiane Michele Sorgue (Platret),https://annuaire-entreprises.data.gouv.fr/entreprise/820973543,2026-10-01
848176616,84817661600011,BLANDINE MOHAMED,,13 RUE BASSE 39380 LA LOYE,39380,LA LOYE,2019-01-01,Blandine Dalila Mohamed,https://annuaire-entreprises.data.gouv.fr/entreprise/848176616,2026-10-01
844113274,84411327400014,HOLDING ZOZ,,ST LUPICIN 12 RUE JEAN MOULIN 39170 COTEAUX DU LIZON,39170,COTEAUX DU LIZON,2018-11-20,Cedric Zoz (Président de SAS),https://annuaire-entreprises.data.gouv.fr/entreprise/844113274,2026-10-01
104367123,10436712300015,ANNE-SOPHIE NYAMBA (GUITON) (NYAMBA IMMOBILIER ET CONSEIL),,5 CHEMIN DES SONDES 39570 MONTMOROT,39570,MONTMOROT,2026-05-15,Anne-Sophie Nyamba (Guiton),https://annuaire-entreprises.data.gouv.fr/entreprise/104367123,2026-10-01
990445694,99044569400013,PAULINE PERRET - HOLDING,,22 ROUTE DE PONTARLIER 39460 FONCINE-LE-HAUT,39460,FONCINE-LE-HAUT,2025-09-01,Pauline Gapp (Perret) (Président de SAS),https://annuaire-entreprises.data.gouv.fr/entreprise/990445694,2026-10-01
940828809,94082880900019,CLEMENCE PIARD,,2 LE ROCHER - LES PIARDS 39150 NANCHEZ,39150,NANCHEZ,2025-02-13,Clemence Piard,https://annuaire-entreprises.data.gouv.fr/entreprise/940828809,2026-10-01
984724807,98472480700016,AUTO-LOC 39 (AUTO-LOC 39),,11 RUE MACEDONIO MELLONI 39100 DOLE,39100,DOLE,2024-02-28,Mourad Ben Larbi (Gérant),https://annuaire-entreprises.data.gouv.fr/entreprise/984724807,2026-10-01
979162500,97916250000016,SOPHIA THOMAS (DA SILVA NUNES),,3 B RUE DE LA CHAPELLE 39120 BALAISEAUX,39120,BALAISEAUX,2023-09-11,Sophia Thomas (Da Silva Nunes),https://annuaire-entreprises.data.gouv.fr/entreprise/979162500,2026-10-01
977722917,97772291700019,LORENZO JARLAUD,,23 RUE CHAUDE 39120 ANNOIRE,39120,ANNOIRE,2023-07-17,Lorenzo Jarlaud,https://annuaire-entreprises.data.gouv.fr/entreprise/977722917,2026-10-01
981890239,98189023900016,AFI DORKENOO (DORKENOO) (LEA DORKENOO - OSTEOPATHE ANIMALIER),,10 RUE DU SUD 39240 VESCLES,39240,VESCLES,2024-01-01,Afi Léa Dorkenoo (Dorkenoo),https://annuaire-entreprises.data.gouv.fr/entreprise/981890239,2026-10-01
981978885,98197888500011,ALEXIS GUILLOTIN,,4 CHE DES TOUPES 39190 TRENAL,39190,TRENAL,2023-11-17,Alexis Florent Jean Guillotin,https://annuaire-entreprises.data.gouv.fr/entreprise/981978885,2026-10-01
982266140,98226614000010,LCJR IMMO (AGENCE 4% IMMOBILIER),4% IMMOBILIER,39 AVENUE JEAN MOULIN 39000 LONS-LE-SAUNIER,39000,LONS-LE-SAUNIER,2023-12-06,Chloé Joëlle Aline Landriot (Président de SAS),https://annuaire-entreprises.data.gouv.fr/entreprise/982266140,2026-10-01
983144775,98314477500019,BASTIEN VUILLERMET (JURADIAG),,153 CHEMIN SOUS LA ROCHE 39310 LAMOURA,39310,LAMOURA,2024-01-01,Bastien Vuillermet,https://annuaire-entreprises.data.gouv.fr/entreprise/983144775,2026-10-01
988273975,98827397500017,LISA RAMOS (LISA RAMOS),,80 RUE DE L'EGLISE 39300 NEY,39300,NEY,2025-07-07,Lisa Marie Dany Ramos,https://annuaire-entreprises.data.gouv.fr/entreprise/988273975,2026-10-01
898194006,89819400600026,AURELIE MURTIN (COCCO),,8 RUE DU STADE 39500 ABERGEMENT-LA-RONCE,39500,ABERGEMENT-LA-RONCE,2021-04-15,Aurélie Aline Suzanne Murtin (Cocco),https://annuaire-entreprises.data.gouv.fr/entreprise/898194006,2026-10-01
947947362,94794736200028,KRYSTELLE GENTER (DALLA BARBA),,7 RUE D'ARGENT A AZANS 39100 DOLE,39100,DOLE,2023-01-09,Krystelle Genter (Dalla Barba),https://annuaire-entreprises.data.gouv.fr/entreprise/947947362,2026-10-01
989043625,98904362500015,SANDRA PARODAT (PARODAT SANDRA EI),,12 RUE DU QUART D'AVAUX 39800 VILLERS-LES-BOIS,39800,VILLERS-LES-BOIS,2025-07-10,Sandra Parodat,https://annuaire-entreprises.data.gouv.fr/entreprise/989043625,2026-10-01
107159808,10715980800016,LEDONIA IMMOBILIER (ERA IMMOBILIER),ERA IMMOBILIER,210 RUE PAUL SEGUIN 39570 MESSIA-SUR-SORNE,39570,MESSIA-SUR-SORNE,2026-07-03,Laura Simone Christel Vincent (Gérant),https://annuaire-entreprises.data.gouv.fr/entreprise/107159808,2026-10-01
494431646,49443164600012,FJ1,,60 RUE DES ARENES 39100 DOLE,39100,DOLE,2007-03-01,,https://annuaire-entreprises.data.gouv.fr/entreprise/494431646,2026-10-01
512933334,51293333400017,L'IMMOBILIERE DU CENTRE,L'IMMOBILIERE DU CENTRE,10 RUE DU COMMERCE 39000 LONS-LE-SAUNIER,39000,LONS-LE-SAUNIER,2009-05-28,,https://annuaire-entreprises.data.gouv.fr/entreprise/512933334,2026-10-01
521752725,52175272500106,CARERA MANAGEMENT (IMMOBILIER CARERA -CHALET CARERA -CARERA MANAGEMENT - IMMOBILAC FRANCO SUISSE),,12 CHEMIN MAURICE FERREOL 69120 VAULX-EN-VELIN,69120,VAULX-EN-VELIN,2010-04-02,Jeremy Josselyn Serge Prost (Président de SAS),https://annuaire-entreprises.data.gouv.fr/entreprise/521752725,2026-10-01
528934656,52893465600018,JEANJACQUOT IMMOBILIER (4 % IMMOBILIER),4 % IMMOBILIER,39 AVENUE JEAN MOULIN 39000 LONS-LE-SAUNIER,39000,LONS-LE-SAUNIER,2010-12-01,Annabel Christiane Raymonde Jeanjacquot (Dilas) (Liquidateur),https://annuaire-entreprises.data.gouv.fr/entreprise/528934656,2026-10-01
751186719,75118671900017,ST AM IMMO (ST AM IMMO),,IMPASSE DES ACACIAS 39160 SAINT-AMOUR,39160,SAINT-AMOUR,2012-04-15,,https://annuaire-entreprises.data.gouv.fr/entreprise/751186719,2026-10-01
790390561,79039056100013,AGENCE DES COURS (AGENCE DES COURS),AGENCE DES COURS,330 BOULEVARD JULES FERRY 39000 LONS-LE-SAUNIER,39000,LONS-LE-SAUNIER,2013-01-01,,https://annuaire-entreprises.data.gouv.fr/entreprise/790390561,2026-10-01
432655231,43265523100160,NEWSYS,FEDERAL IMMOBILIER - FI - TIPI - | NETIMMO - F.A.R.E. - FEDERAL PRO - | FEDERAL INVEST - CENTRAL SERVICE -,2 AVENUE COMMANDANT MARCEAU 25000 BESANCON,25000,BESANCON,2000-09-01,,https://annuaire-entreprises.data.gouv.fr/entreprise/432655231,2026-10-01
792204588,79220458800018,EURL BOURGEOIS NATACHA (NATACHA - IMOCONSEIL) (NATACHA-IMOCONSEIL),NATACHA - IMOCONSEIL,6 RUE DU DOCTEUR FORTUNAT PACTET 39380 MONT-SOUS-VAUDREY,39380,MONT-SOUS-VAUDREY,2013-04-02,Natacha Bourgeois (Liquidateur) | Natacha Christine Bourgeois (Liquidateur),https://annuaire-entreprises.data.gouv.fr/entreprise/792204588,2026-10-01
814578050,81457805000035,SARL LAMARTINE IMMOBILIER (LAMARTINE IMMOBILIER),,17 RUE PASTEUR 39260 MOIRANS-EN-MONTAGNE,39260,MOIRANS-EN-MONTAGNE,2015-10-26,Yann Pascal Patula (Liquidateur),https://annuaire-entreprises.data.gouv.fr/entreprise/814578050,2026-10-01
814954343,81495434300012,FD DEVELOPPEMENT (AGENCE VOLTAIRE),AGENCE VOLTAIRE,27 RUE DU PRE 39200 SAINT-CLAUDE,39200,SAINT-CLAUDE,2015-11-26,Frederic Alexandre Joseph David (Liquidateur),https://annuaire-entreprises.data.gouv.fr/entreprise/814954343,2026-10-01
753611458,75361145800054,MARC HUMBLOT,,ESCALIER A 30 RUE DES COMMARDS 39100 DOLE,39100,DOLE,2012-09-01,Marc Lionel Humblot,https://annuaire-entreprises.data.gouv.fr/entreprise/753611458,2026-10-01
332407147,33240714700021,CLAUDE RIZZOLO,,12 RUE AUGUSTE VANTARD 39100 DOLE,39100,DOLE,1985-05-02,Claude Fernand Rizzolo,https://annuaire-entreprises.data.gouv.fr/entreprise/332407147,2026-10-01
428624571,42862457100017,CADET ROUSSELLE IMMOBILIER,,23 RUE DE BREST 69002 LYON,69002,LYON,2000-01-03,,https://annuaire-entreprises.data.gouv.fr/entreprise/428624571,2026-10-01
398489229,39848922900029,A C F FRANCHISE,,2 RUE DE BESANCON 39100 DOLE,39100,DOLE,1994-08-08,,https://annuaire-entreprises.data.gouv.fr/entreprise/398489229,2026-10-01
408372365,40837236500036,RENE LAFON,,17 RUE DE VALLIERE 39140 BLETTERANS,39140,BLETTERANS,1996-08-01,Rene Joseph Lafon,https://annuaire-entreprises.data.gouv.fr/entreprise/408372365,2026-10-01
478728272,47872827200012,URBAN TRANSACTION,ORPI AGENCES N. 1,27 AVENUE THUREL 39000 LONS-LE-SAUNIER,39000,LONS-LE-SAUNIER,2004-10-01,,https://annuaire-entreprises.data.gouv.fr/entreprise/478728272,2026-10-01
441639713,44163971300045,PATRIMOINE TERRE ET CONSEIL,,28 RUE DE LA LIBERATION 39700 ORCHAMPS,39700,ORCHAMPS,2002-04-01,,https://annuaire-entreprises.data.gouv.fr/entreprise/441639713,2026-10-01
442739710,44273971000014,SARL GUILLAUME TELL IMMOBILIER,,17 RUE GUILLAUME TELL 21000 DIJON,21000,DIJON,2002-07-01,,https://annuaire-entreprises.data.gouv.fr/entreprise/442739710,2026-10-01
353574072,35357407200057,ESPACE IMMOBILIER,,27 AVENUE JEAN JAURES 01000 BOURG-EN-BRESSE,01000,BOURG-EN-BRESSE,1990-01-27,,https://annuaire-entreprises.data.gouv.fr/entreprise/353574072,2026-10-01
500470893,50047089300016,TI (TRANSACTIONS IMMOBILIERES),TI (TRANSACTIONS IMMOBILIERES),18 AVENUE DE LA PAIX 39100 DOLE,39100,DOLE,2007-10-15,,https://annuaire-entreprises.data.gouv.fr/entreprise/500470893,2026-10-01
438491920,43849192000031,AGENCE DES ARCADES,,3 DERRIERE LE CRET 39270 LA CHAILLEUSE,39270,LA CHAILLEUSE,2001-07-05,Herve Jean Roger Louis-Francois (Gérant),https://annuaire-entreprises.data.gouv.fr/entreprise/438491920,2026-10-01
500822531,50082253100017,VBAM COURTAGE,,2 ESC CICON 39110 SALINS-LES-BAINS,39110,SALINS-LES-BAINS,2007-11-02,Vincent Bevillard (Gérant),https://annuaire-entreprises.data.gouv.fr/entreprise/500822531,2026-10-01
522307206,52230720600022,PASCAL TABEAU,,11 RUE DE LA FONTENOTTE 39700 AMANGE,39700,AMANGE,2010-05-11,Pascal Tabeau,https://annuaire-entreprises.data.gouv.fr/entreprise/522307206,2026-10-01
834821217,83482121700017,ALTANEO TRANSACTIONS,,6 AVENUE ARISTIDE BRIAND 39000 LONS-LE-SAUNIER,39000,LONS-LE-SAUNIER,2017-11-08,Rachel Marie-Catherine Hugues (Liquidateur),https://annuaire-entreprises.data.gouv.fr/entreprise/834821217,2026-10-01
